variance	energy	centroid	frequency	RMS	KURTOSIS	ENTROPIA	MOMENTO	target
0.000588742	5.20101E-05	21849.6589	64.6627566	0.024354794	2.289607366	2.765848794	0.000588167	sintos
0.000435739	4.46695E-05	21828.57981	86.1328125	0.020952348	1.82838798	2.634396092	0.000435314	sintos
0.000426312	-6.85003E-05	21702.35409	43.06640625	0.020849393	2.09096359	2.318226023	0.000425896	sintos
0.000782934	6.75677E-05	21761.82162	43.06640625	0.028116647	1.970092752	2.656769036	0.000782171	sintos
0.000982247	3.7888E-05	21898.14689	86.1328125	0.031367223	2.104004312	2.764214157	0.000981288	sintos
0.000748655	-0.000163337	21242.05162	43.06640625	0.028241973	2.435014255	2.268077978	0.000747924	sintos
0.000658022	8.41839E-05	21629.81812	43.06640625	0.025894992	2.099977445	3.04143982	0.00065738	sintos
0.000629017	9.95965E-05	21521.24907	86.1328125	0.025431712	2.091949753	3.108940403	0.000628403	sintos
0.0005702	-9.83709E-05	21588.49055	86.1328125	0.024241624	2.675710409	2.257038413	0.000569644	sintos
0.000823021	7.15037E-05	21684.56061	86.1328125	0.028839693	2.095489291	2.774106528	0.000822218	sintos
0.000959091	-3.3178E-05	21942.89008	43.06640625	0.030987424	1.743651041	2.502432113	0.000958155	sintos
0.00074863	-0.000193729	21075.92297	43.06640625	0.028592412	2.347228167	2.067689745	0.000747899	sintos
0.000696742	8.78261E-05	21587.83434	86.1328125	0.026654352	1.956551112	2.93368508	0.000696062	sintos
0.000369637	8.19437E-05	21626.28999	129.1992188	0.019536936	1.702637956	2.649900544	0.000369276	sintos
0.000434131	-7.48747E-05	21695.89006	43.06640625	0.021074867	3.364343206	2.15860951	0.000433707	sintos
0.001312199	0.000146085	21408.07694	43.06640625	0.036749381	2.752001723	2.993016907	0.001310919	sintos
0.001486715	-4.37769E-05	21896.91517	43.06640625	0.038585546	2.716379465	2.44667867	0.001485265	sintos
0.000550883	-0.000187438	20876.69243	43.06640625	0.024810534	1.977595663	2.014441396	0.000550346	sintos
0.000271986	0.000142224	21297.74965	86.1328125	0.017580393	2.708497029	2.854988095	0.00027172	sintos
0.000689782	6.91985E-05	21745.21547	43.06640625	0.02641954	2.127557541	2.953559414	0.000689109	sintos
0.000964604	-0.000163687	21152.52166	43.06640625	0.031839345	2.128039287	2.416631596	0.000963663	sintos
0.001186527	5.93517E-05	21791.47034	43.06640625	0.034524147	2.259028694	2.89706905	0.001185369	sintos
0.001062935	-1.40845E-05	22012.6788	43.06640625	0.032592858	2.420680896	2.207987511	0.001061898	sintos
0.000963616	-9.22578E-05	21572.95595	43.06640625	0.031282796	2.553697614	2.228002366	0.000962676	sintos
0.00079997	0.000164525	21179.78557	43.06640625	0.029141442	2.466623558	3.244670667	0.00079919	sintos
0.000446081	1.26548E-05	22019.02476	86.1328125	0.021117117	2.212499964	2.667977422	0.000445646	sintos
0.000377776	-7.42368E-05	21615.84913	43.06640625	0.019691086	2.496370998	2.095388908	0.000377407	sintos
0.000382345	-5.16743E-06	22057.66863	43.06640625	0.019545276	2.383616623	2.195909417	0.000381972	sintos
0.000460549	-7.89794E-05	21627.27633	43.06640625	0.021720558	2.48360169	1.96985741	0.0004601	sintos
0.000820292	2.71695E-05	21948.56395	43.06640625	0.028649988	2.945206637	2.521361714	0.000819492	sintos
0.000802389	7.90537E-05	21660.51296	43.06640625	0.028518539	2.671469551	2.857996483	0.000801606	sintos
0.000365046	-6.2299E-05	21682.44601	43.06640625	0.019287678	2.54542065	2.124653913	0.00036469	sintos
0.000339723	-2.10038E-05	21987.4831	86.1328125	0.018444455	2.581948701	2.299490625	0.000339392	sintos
0.000682524	0.000137876	21372.93943	43.06640625	0.026776749	1.994070397	2.963742776	0.000681858	sintos
0.001225568	-0.000110719	21597.37054	43.06640625	0.035314143	1.975908844	2.610322595	0.001224372	sintos
0.001227853	-9.23989E-05	21648.15081	43.06640625	0.035248316	2.53752371	2.639881567	0.001226655	sintos
0.001027295	0.000200716	21614.07121	43.06640625	0.033205878	7.208921582	3.058731475	0.001026293	sintos
0.001942188	-9.83233E-05	21863.55179	516.796875	0.044252777	8.634198515	2.407705561	0.001940293	sintos
0.001605989	-8.03896E-05	21945.06425	516.796875	0.040198171	10.11192434	2.567643986	0.001604422	sintos
0.000509583	0.000135269	21377.64264	86.1328125	0.02329862	3.177074704	3.067161452	0.000509086	sintos
0.000798051	-2.4369E-05	21978.76532	43.06640625	0.028256114	2.680465943	2.878930348	0.000797273	sintos
0.000777026	-4.43429E-05	21893.02967	43.06640625	0.027928115	1.894531363	2.785238653	0.000776268	sintos
0.000683683	7.83511E-05	21715.44663	43.06640625	0.026353346	2.716703387	2.905324429	0.000683016	sintos
0.000505365	-3.1657E-05	21953.53386	43.06640625	0.02251222	3.228908136	2.455540781	0.000504872	sintos
0.000408335	-6.59548E-05	21823.67582	86.1328125	0.02039356	2.455322576	2.240375762	0.000407937	sintos
0.000502854	6.86012E-05	21837.16984	43.06640625	0.022607444	2.043273904	2.807819402	0.000502363	sintos
0.000598726	3.32478E-05	21974.13956	43.06640625	0.02449823	2.775765828	2.792777378	0.000598142	sintos
0.000805471	-2.59089E-05	22006.90354	43.06640625	0.028389351	3.647631205	2.588676832	0.000804685	sintos
0.000790828	-3.29104E-06	22080.55509	43.06640625	0.028108306	3.299298662	2.641314193	0.000790056	sintos
0.000700831	-9.82679E-06	22047.11644	43.06640625	0.026464144	1.943458924	2.677301959	0.000700147	sintos
0.000664802	5.50696E-05	21841.56313	43.06640625	0.025880155	2.03834115	2.852494552	0.000664153	sintos
0.000664462	7.46736E-05	21719.38874	86.1328125	0.02596314	1.893291482	2.812199085	0.000663813	sintos
0.00097941	-0.000158176	21397.47387	43.06640625	0.032010764	2.044162403	2.41136341	0.000978455	sintos
0.001083801	-4.14605E-05	21901.37619	43.06640625	0.03295342	2.17508176	2.831869896	0.001082744	sintos
0.000677794	0.000116445	21513.5513	43.06640625	0.026504866	2.729987199	2.958425408	0.000677133	sintos
0.000457098	-2.3301E-05	21962.2813	43.06640625	0.021392939	3.566427097	2.393231135	0.000456652	sintos
0.000299542	-1.54609E-05	22004.68756	43.06640625	0.017310837	2.875230904	2.238411015	0.00029925	sintos
0.000295823	4.35289E-05	21800.95566	43.06640625	0.017292384	2.665211535	2.481837038	0.000295534	sintos
0.000828466	-4.55725E-05	21855.31861	43.06640625	0.028834342	2.00371598	2.639246306	0.000827658	sintos
0.001308462	-4.03317E-05	21891.18675	43.06640625	0.036197877	1.731403	2.82427571	0.001307186	sintos
0.001068213	5.66352E-05	21818.805	43.06640625	0.032759543	2.423643395	2.988774196	0.001067171	sintos
0.000568712	-1.18912E-05	22025.38987	86.1328125	0.023842058	3.734593977	2.449662315	0.000568157	sintos
0.000412294	4.96127E-05	21771.02499	43.06640625	0.0204068	2.056806626	2.457659147	0.000411892	sintos
0.000356144	4.65322E-05	21756.1856	86.1328125	0.018968963	2.061369618	2.55983873	0.000355796	sintos
0.000454764	-5.42244E-05	21762.07504	86.1328125	0.021440117	2.57207774	2.469370756	0.00045432	sintos
0.000960091	-0.000122813	21452.88663	43.06640625	0.031419736	2.45914666	2.408952916	0.000959154	sintos
0.001422333	9.1269E-05	21606.9017	43.06640625	0.03790243	1.637733701	2.960946048	0.001420946	sintos
0.001022779	5.29067E-05	21811.25582	43.06640625	0.032044235	2.095669114	3.186137131	0.001021781	sintos
0.000267268	-0.000107519	21371.7994	43.06640625	0.01698054	2.276950512	1.976449549	0.000267007	sintos
0.000313839	9.26824E-05	21524.97333	43.06640625	0.018149348	2.186118162	2.577952872	0.000313532	sintos
0.000597847	5.18858E-05	21822.75685	43.06640625	0.024541133	1.981765374	2.826259319	0.000597264	sintos
0.000609088	-0.000167662	21256.17706	43.06640625	0.025702748	1.581081483	2.323548625	0.000608494	sintos
0.000772813	8.77565E-05	21619.61846	43.06640625	0.028044232	2.421007927	3.129931171	0.000772059	sintos
0.000735356	8.43711E-06	22046.93341	43.06640625	0.027106353	2.459219788	2.70184043	0.000734638	sintos
0.00046394	-4.87601E-05	21832.6292	43.06640625	0.02163093	2.284322926	2.432406917	0.000463487	sintos
0.000495483	1.91781E-05	21979.62587	86.1328125	0.022263953	3.247516816	2.679855023	0.000495	sintos
0.00042515	6.64069E-05	21687.85711	172.265625	0.020804191	4.312803032	2.824071442	0.000424736	sintos
0.000616761	-3.87695E-05	21901.62211	86.1328125	0.024879146	2.192081219	2.749379431	0.000616159	sintos
0.003277028	5.67004E-06	22080.70098	86.1328125	0.057217936	7.4009316	3.047608179	0.003273831	sintos
0.003177825	-6.26074E-05	21962.31437	43.06640625	0.056409644	7.881932986	2.514506701	0.003174725	sintos
0.000731597	-2.57605E-05	21950.3175	43.06640625	0.027057731	2.642482618	2.587946293	0.000730883	sintos
0.000569437	7.79135E-05	21642.4905	43.06640625	0.024088691	2.216953567	2.792108407	0.000568881	sintos
0.000306974	-0.000131398	21261.46653	172.265625	0.018402637	2.505104889	1.900355714	0.000306675	sintos
0.000388511	6.88949E-05	21709.7158	86.1328125	0.019922985	2.18285416	2.829938039	0.000388132	sintos
0.000629512	7.03864E-05	21659.12941	86.1328125	0.025260453	2.339139664	2.9748957	0.000628898	sintos
0.000591228	-4.52552E-05	21855.05592	129.1992188	0.024381093	2.152602721	2.556963933	0.000590651	sintos
0.000381676	4.20509E-05	21773.04125	129.1992188	0.019610349	2.241099324	2.672781022	0.000381303	sintos
0.000381517	3.30756E-06	22059.80556	43.06640625	0.019523761	2.061684037	2.553903982	0.000381145	sintos
0.000631192	-0.000107103	21443.25734	43.06640625	0.025528404	2.277225636	2.2595603	0.000630576	sintos
0.000525083	-2.9705E-05	21915.11745	86.1328125	0.022938217	3.000730848	2.412013399	0.000524571	sintos
0.000355274	0.000128754	21175.01131	86.1328125	0.019641667	2.524749151	2.782035239	0.000354928	sintos
0.000689431	-4.74267E-05	21812.70173	43.06640625	0.026322727	2.379818516	2.537198376	0.000688758	sintos
0.000627057	-2.95827E-05	21876.43575	43.06640625	0.025061363	2.358458851	2.515312649	0.000626445	sintos
0.000278354	9.39124E-05	21406.43901	43.06640625	0.017161003	2.126954093	2.601543614	0.000278083	sintos
0.000521467	-1.03358E-05	22043.46147	129.1992188	0.022828365	4.231943683	2.337837957	0.000520958	sintos
0.000816491	6.7104E-06	22050.65097	86.1328125	0.028561871	2.886938232	2.751183942	0.000815694	sintos
0.000478555	-4.1345E-05	21867.85696	129.1992188	0.021934597	3.857360757	2.478609875	0.000478089	sintos
0.000322246	-3.82894E-05	21824.36019	86.1328125	0.018015737	2.647082047	2.408012562	0.000321931	sintos
0.000378852	7.40845E-05	21623.46353	86.1328125	0.019714139	2.514911595	2.816272497	0.000378483	sintos
0.000410561	-1.8919E-06	22085.49332	43.06640625	0.020252466	2.690174849	2.548027249	0.00041016	sintos
0.000548472	-6.93979E-05	21659.28469	43.06640625	0.023600276	2.98967263	2.173211648	0.000547937	sintos
0.000607761	3.06028E-05	21940.85546	43.06640625	0.02467643	2.344330048	2.443359847	0.000607168	sintos
0.000447142	9.45236E-05	21525.42028	86.1328125	0.021519905	2.262227526	2.828620635	0.000446705	sintos
0.000377449	-2.99626E-05	21915.29841	43.06640625	0.019461211	2.373399115	2.440270568	0.000377081	sintos
0.000379885	-8.34369E-05	21515.87098	43.06640625	0.019812526	1.926037791	2.29880136	0.000379514	sintos
0.000560671	6.956E-05	21634.64762	43.06640625	0.023857886	2.356115308	3.054318255	0.000560124	sintos
0.000722777	-5.4609E-05	21722.31612	43.06640625	0.026976796	1.876061677	2.735084489	0.000722072	sintos
0.000479007	-8.3733E-07	22087.87073	43.06640625	0.021875578	2.091498029	2.713773211	0.00047854	sintos
0.000269646	2.96913E-07	22092.99454	86.1328125	0.016412878	2.385561947	2.440997465	0.000269383	sintos
0.000317934	4.29402E-07	22091.83733	86.1328125	0.017822005	2.793884603	2.401427739	0.000317624	sintos
0.000368096	2.77898E-05	21917.58886	86.1328125	0.01921372	2.633128439	2.342148256	0.000367737	sintos
0.000285991	9.85093E-06	22040.47528	86.1328125	0.016908387	2.791852114	2.156785883	0.000285712	sintos
0.000990015	-2.95186E-05	22000.05208	43.06640625	0.031473637	7.877079256	2.586603337	0.00098905	sintos
0.001790094	-1.74279E-05	22048.5638	172.265625	0.042295227	3.491966761	3.046954912	0.001788348	sintos
0.001374758	4.88545E-05	21948.53698	430.6640625	0.037121476	2.728780563	3.059446703	0.001373417	sintos
0.00088079	-7.29822E-05	21791.67875	43.06640625	0.029829165	3.39839391	2.30285923	0.000879931	sintos
0.001002677	-9.75562E-05	21696.60577	86.1328125	0.03192861	2.026716429	2.523769448	0.001001699	sintos
0.001032213	0.000115982	21538.30459	43.06640625	0.03250051	1.725413041	3.234254343	0.001031206	sintos
0.002136001	-2.00731E-05	22042.2155	43.06640625	0.046203326	7.580474755	3.242777354	0.002133917	sintos
0.002522156	1.80828E-05	22056.50555	43.06640625	0.050202473	6.112085882	3.152395581	0.002519696	sintos
0.001869275	8.26416E-05	21890.90264	43.06640625	0.043354835	2.503753708	2.967789569	0.001867451	sintos
0.005461687	-3.34836E-06	22089.69877	258.3984375	0.073867252	3.291487193	3.292617314	0.005456359	sintos
0.012143456	-8.99059E-05	21995.07927	215.3320313	0.110211357	2.412962474	4.068410338	0.012131609	sintos
0.014624061	-1.8438E-05	22073.05246	215.3320313	0.120873733	1.98554628	4.132092052	0.014609793	sintos
0.01478256	7.23364E-05	21979.45718	215.3320313	0.1215669	1.927699771	4.250214478	0.014768138	sintos
0.013388165	-0.000139793	21806.76024	215.3320313	0.115815526	2.000877936	3.986114843	0.013375103	sintos
0.008814804	0.000118054	21824.45445	215.3320313	0.093983806	2.031598134	4.009096823	0.008806204	sintos
0.00755877	8.65258E-06	22079.37842	215.3320313	0.086899064	1.931052699	3.861695958	0.007551396	sintos
0.008446218	1.1478E-05	22067.03683	215.3320313	0.09186035	1.907085387	3.937785618	0.008437978	sintos
0.012071474	1.45219E-05	22075.54789	215.3320313	0.109818154	2.240081267	4.015392035	0.012059697	sintos
0.017488072	-9.45242E-05	22009.79823	215.3320313	0.132240707	2.269137653	4.155765636	0.017471011	sintos
0.019610467	8.25152E-05	22026.19001	215.3320313	0.140016625	2.496307038	4.227571493	0.019591334	sintos
0.022407999	-4.69245E-06	22089.69493	215.3320313	0.149620139	2.541247206	3.958065395	0.022386137	sintos
0.025858472	-6.83401E-05	22053.95984	215.3320313	0.160754231	2.502924369	3.891838338	0.025833244	sintos
0.022761866	-6.04604E-05	22057.08542	215.3320313	0.150817655	2.751189195	3.758297612	0.022739659	sintos
0.019113591	-2.93901E-05	22072.13808	215.3320313	0.138191047	2.713933619	3.73701777	0.019094944	sintos
0.016891378	0.000170695	21967.82677	215.3320313	0.130107664	2.371025399	4.183776024	0.016874898	sintos
0.014197928	3.23718E-05	22062.54601	215.3320313	0.119105756	2.01752762	4.146337846	0.014184076	sintos
0.013587845	-1.66194E-05	22073.16239	215.3320313	0.116513268	1.938650916	4.006574494	0.013574588	sintos
0.011662182	-3.95468E-05	22052.66228	215.3320313	0.107950512	2.049254756	3.901281095	0.011650805	sintos
0.010489903	-0.000147985	21901.8266	215.3320313	0.102574717	1.918280244	3.799928157	0.010479669	sintos
0.010445538	7.07728E-05	21998.04978	215.3320313	0.102201376	1.93033054	4.001323256	0.010435347	sintos
0.010011292	6.02387E-05	22011.32307	215.3320313	0.100040305	1.831766526	3.881717683	0.010001525	sintos
0.011302185	2.11293E-05	22061.87421	215.3320313	0.106263763	1.961870638	3.943039127	0.011291159	sintos
0.013223571	-1.09964E-06	22091.74644	215.3320313	0.114937683	1.790461047	3.996767353	0.013210669	sintos
0.015350693	-0.000133385	21909.87401	215.3320313	0.123974893	1.628768032	3.812169804	0.015335716	sintos
0.018246598	0.000181151	21837.42906	215.3320313	0.135245191	1.83007085	4.05998966	0.018228797	sintos
0.019306093	0.000151108	21944.20732	215.3320313	0.139030536	1.859815618	4.045960609	0.019287257	sintos
0.018392453	-0.000276736	21803.42516	215.3320313	0.136081225	1.780157047	3.930929225	0.018374509	sintos
0.01789986	-6.3603E-05	22011.8456	215.3320313	0.133750523	1.978481126	4.135781544	0.017882397	sintos
0.017767206	0.000150607	21934.80283	215.3320313	0.133382484	1.935432552	4.228932875	0.017749872	sintos
0.015632741	0.000110408	21931.74418	215.3320313	0.125062016	2.124672305	4.297896536	0.01561749	sintos
0.013955798	-0.000127755	21937.00333	215.3320313	0.118202701	2.202361963	4.02906854	0.013942183	sintos
0.012787698	6.40266E-05	22025.09909	215.3320313	0.113061098	2.460671056	4.311562358	0.012775222	sintos
0.009723616	-3.3534E-06	22089.29848	215.3320313	0.098560353	2.896039899	4.170003358	0.009714129	sintos
0.006939383	-0.000153483	21845.91837	215.3320313	0.083523226	2.767317066	3.776645604	0.006932613	sintos
0.00426125	0.000118965	21843.56836	215.3320313	0.065445609	2.973552567	3.896580746	0.004257093	sintos
0.001779969	-2.45753E-05	22007.9035	215.3320313	0.042181886	3.674836694	3.049880073	0.001778233	sintos
0.000714042	-1.5029E-06	22081.66205	43.06640625	0.026708705	2.277570829	2.707074757	0.000713345	sintos
0.002559149	9.93394E-05	21907.89898	43.06640625	0.050739342	9.135684435	3.28269403	0.002556652	sintos
0.003344073	-0.000102759	21886.15398	86.1328125	0.057966973	5.721951896	2.982432244	0.003340811	sintos
0.001570146	-5.01502E-05	21973.08794	43.06640625	0.039670253	3.604624501	2.623737918	0.001568614	sintos
0.000706853	9.28475E-05	21906.88081	43.06640625	0.026874502	3.683457461	2.731780922	0.000706164	sintos
0.000636012	-1.7935E-05	22058.75984	215.3320313	0.025219107	3.768436208	2.55903916	0.000635391	sintos
0.004188172	-0.000105895	21910.41464	258.3984375	0.064845869	4.935153436	3.142820829	0.004184086	sintos
0.008829332	5.03913E-05	22027.14342	473.7304688	0.093942601	2.419026463	3.928307787	0.008820718	sintos
0.007794263	2.85128E-05	22048.22937	430.6640625	0.088250932	2.3560112	3.838931841	0.007786659	sintos
0.004592563	-6.06533E-05	21982.25099	215.3320313	0.067789143	2.858607614	3.420246775	0.004588082	sintos
0.001889765	2.69433E-06	22083.9687	215.3320313	0.043450414	3.582324131	2.726544975	0.001887921	sintos
0.000556621	0.00010452	21554.53542	129.1992188	0.024005907	1.894525759	2.740937193	0.000556078	sintos
0.000772646	-2.9614E-05	21920.40315	43.06640625	0.027814075	1.994234837	2.640937276	0.000771892	sintos
0.001179119	4.30239E-05	21827.45637	43.06640625	0.034372382	2.165289261	3.025975224	0.001177969	sintos
0.001381266	3.98814E-05	21945.56097	43.06640625	0.037186058	2.076472361	3.121344576	0.001379919	sintos
0.000738836	-0.000114243	21508.84019	43.06640625	0.027609354	2.715483717	2.511093577	0.000738115	sintos
0.000233184	6.20313E-05	21659.69402	43.06640625	0.01549581	2.763729796	2.527724971	0.000232957	sintos
0.001181545	5.04724E-05	22006.37675	86.1328125	0.034425125	12.13147625	2.567507639	0.001180392	sintos
0.001890467	-0.000129774	21912.9583	43.06640625	0.043813152	5.986569156	2.585222201	0.001888622	sintos
0.008101833	5.92418E-05	22036.909	258.3984375	0.09000359	4.737049999	3.524762983	0.008093928	sintos
0.028010296	3.99217E-05	22066.16309	473.7304688	0.167289853	2.534112897	4.23800636	0.027982969	sintos
0.046084862	-0.000166141	21985.55079	473.7304688	0.214682006	1.90454523	4.143979152	0.046039901	sintos
0.049301695	0.00010556	22027.78802	473.7304688	0.221973721	1.959452938	4.353574536	0.049253596	sintos
0.045023684	5.72631E-05	22052.31092	473.7304688	0.212101472	2.038972203	4.31936476	0.044979758	sintos
0.043089665	-2.54374E-05	22077.57381	473.7304688	0.207482647	1.942703554	4.223461359	0.043047627	sintos
0.039233839	-6.92919E-05	22050.1591	473.7304688	0.198000579	1.899357299	4.172330219	0.039195562	sintos
0.024060009	5.413E-05	22048.5746	473.7304688	0.155055838	2.421192259	4.30080782	0.024036536	sintos
0.008190468	-2.38285E-05	22062.84269	215.3320313	0.090463229	3.6970464	3.667003019	0.008182477	sintos
0.003007983	5.73568E-05	21909.25384	215.3320313	0.054874079	1.751988908	3.383059453	0.003005049	sintos
0.002855506	-5.65553E-06	22074.08141	215.3320313	0.053411383	2.001399189	3.38911471	0.00285272	sintos
0.001894276	-0.000112748	21758.79008	215.3320313	0.043769362	2.606424216	3.029338209	0.001892428	sintos
0.001945596	0.00015912	21731.18997	215.3320313	0.044620505	2.418606889	3.456502461	0.001943698	sintos
0.00278538	-0.000125631	21824.13333	86.1328125	0.053029977	2.786473863	2.990154488	0.002782663	sintos
0.002430213	-0.000159192	21750.61924	215.3320313	0.049739048	3.025415281	2.926905008	0.002427842	sintos
0.003799145	0.000446612	21200.04483	215.3320313	0.064515406	2.489215672	3.963911045	0.003795439	sintos
0.006885482	-0.000115349	21881.71991	215.3320313	0.083083035	2.416396479	3.310466615	0.006878764	sintos
0.006856082	-0.00021255	21704.16388	215.3320313	0.083274746	2.707928193	3.315752093	0.006849393	sintos
0.007721101	0.000276515	21592.86366	430.6640625	0.08863725	2.456808811	4.089060327	0.007713568	sintos
0.009106673	-1.38893E-05	22072.96413	430.6640625	0.095384301	2.102572312	3.663171897	0.009097789	sintos
0.009803562	-0.000183292	21830.87332	430.6640625	0.099274154	2.138643759	3.538607305	0.009793997	sintos
0.010506297	-2.36385E-05	22063.82231	387.5976563	0.102454996	2.059080355	3.765260923	0.010496047	sintos
0.010467259	0.000184396	21857.19169	387.5976563	0.102570981	2.238163637	3.968082465	0.010457047	sintos
0.013055238	-0.000178596	21911.27859	387.5976563	0.11445813	2.112117754	3.796427034	0.013042501	sintos
0.016195588	6.27919E-05	22029.68146	387.5976563	0.127228855	2.051891858	4.065030207	0.016179787	sintos
0.023084334	-8.52146E-05	22028.99894	430.6640625	0.151905836	3.164160563	4.234793503	0.023061813	sintos
0.021936099	-7.20368E-05	22022.20748	430.6640625	0.148068119	3.401109366	4.371732468	0.021914698	sintos
0.010941333	0.000175443	21890.37516	215.3320313	0.104814804	2.550291616	4.112225189	0.010930659	sintos
0.004898323	-4.18882E-05	22018.81138	387.5976563	0.06997695	3.214523564	3.592998791	0.004893544	sintos
0.002556781	-0.000134411	21772.13533	172.265625	0.050874359	2.350443716	2.961275948	0.002554287	sintos
0.002041046	-1.10382E-05	22059.83965	172.265625	0.045158623	2.039642356	3.148715913	0.002039055	sintos
0.00128424	0.000122995	21737.74482	172.265625	0.03620647	2.325697861	3.290002658	0.001282987	sintos
0.000832874	-3.96511E-06	22071.64306	172.265625	0.028846084	2.278139668	2.724088168	0.000832061	sintos
0.000659339	6.23596E-05	21795.76922	172.265625	0.025808031	1.753936373	2.826331432	0.000658696	sintos
0.001230821	0.000109336	21708.31831	86.1328125	0.035372574	4.644158342	3.051029807	0.001229621	sintos
0.003836201	-0.000123533	21871.30559	215.3320313	0.06212695	3.87548059	2.932354469	0.003832458	sintos
0.006274413	-1.29045E-05	22069.54573	215.3320313	0.079174785	2.529477781	3.586475993	0.006268292	sintos
0.009817635	3.67105E-05	22031.61016	215.3320313	0.099050819	2.381816769	4.007991375	0.009808057	sintos
0.013317889	-0.000193674	21825.1391	215.3320313	0.115645731	2.267076893	3.830704244	0.013304896	sintos
0.01326271	2.66502E-05	22059.03219	430.6640625	0.115113913	2.34230932	3.947549357	0.013249771	sintos
0.012414348	3.72483E-05	22045.21695	430.6640625	0.111376813	2.23060586	3.929651319	0.012402236	sintos
0.011345463	2.93927E-05	22060.31175	430.6640625	0.106469436	2.344592207	3.853112727	0.011334395	sintos
0.011485689	-2.37907E-06	22090.8938	215.3320313	0.107119039	2.234643535	3.8495885	0.011474483	sintos
0.010697038	0.000127112	21958.78215	430.6640625	0.103519252	2.308157624	4.002270403	0.010686602	sintos
0.01044404	-0.000180618	21887.77542	430.6640625	0.102442585	2.28724218	3.727270556	0.01043385	sintos
0.011330283	-0.000145653	21918.70707	430.6640625	0.106574941	2.328490397	3.749933941	0.011319229	sintos
0.010235847	0.000366641	21554.22692	430.6640625	0.102324959	2.469904945	4.22157001	0.010225861	sintos
0.010352316	8.61545E-05	21968.62006	430.6640625	0.101763249	2.193056503	4.013175078	0.010342216	sintos
0.009185031	-0.000252164	21773.50077	430.6640625	0.096407271	2.378860057	3.687656936	0.00917607	sintos
0.008989453	4.4281E-05	22028.41728	430.6640625	0.094786576	2.508048222	3.968310441	0.008980683	sintos
0.00813269	9.74828E-05	21950.47123	430.6640625	0.090238278	2.553250202	4.036344202	0.008124756	sintos
0.006729464	-9.76721E-05	21976.97885	430.6640625	0.082104139	2.897480167	3.752158976	0.006722899	sintos
0.006754408	6.73902E-05	21994.87767	215.3320313	0.082197224	2.997900558	4.04783868	0.006747818	sintos
0.006777746	1.58663E-05	22076.74863	215.3320313	0.082289407	3.54424421	3.909236809	0.006771134	sintos
0.007185731	-0.000161724	21866.37822	602.9296875	0.085012311	3.020577521	3.607840435	0.007178721	sintos
0.006262821	-8.40808E-06	22083.5455	602.9296875	0.07909987	2.824694518	3.710512938	0.006256711	sintos
0.005134327	9.32204E-05	21955.1475	602.9296875	0.071733762	3.037854046	3.726686024	0.005129318	sintos
0.004854023	-0.000219078	21751.73288	215.3320313	0.070269601	2.916466744	3.269875502	0.004849287	sintos
0.004426661	0.000122256	21889.0445	215.3320313	0.066711596	2.683284909	3.61623735	0.004422343	sintos
0.003253748	0.000143761	21787.69239	215.3320313	0.057347275	3.125845677	3.621358657	0.003250574	sintos
0.002561979	-0.000108133	21843.02554	215.3320313	0.050808245	3.057306498	2.969403929	0.00255948	sintos
0.002214024	5.83656E-05	21871.26268	86.1328125	0.047097209	2.204555996	3.064029207	0.002211864	sintos
0.001273127	3.88894E-06	22082.9445	86.1328125	0.035663852	2.403233387	2.900411645	0.001271885	sintos
0.000940001	-6.67382E-05	21741.48581	43.06640625	0.030779774	2.444491263	2.653287227	0.000939084	sintos
0.00096888	0.000177239	21371.91009	43.06640625	0.03203899	2.485650561	3.205033536	0.000967935	sintos
0.002958496	-2.26292E-05	22039.00763	43.06640625	0.054374061	3.568578887	3.160679336	0.00295561	sintos
0.002656752	-9.87434E-05	21836.89071	43.06640625	0.051695006	4.287718325	3.012276888	0.00265416	sintos
0.00055986	0.000116371	21451.80091	43.06640625	0.024178554	2.391386013	3.072043455	0.000559314	sintos
0.000403413	-8.49551E-05	21607.43275	86.1328125	0.020407072	2.218892162	2.200631342	0.00040302	sintos
0.000165946	-9.15372E-05	21592.51994	86.1328125	0.013465088	2.520524858	1.719387804	0.000165784	sintos
0.000452313	0.000155252	21358.2439	43.06640625	0.022285023	2.671624704	2.92751037	0.000451871	sintos
0.001446965	-6.94025E-05	21871.05178	43.06640625	0.038136163	3.725431732	2.914147265	0.001445553	sintos
0.001997983	-0.000193354	21525.8843	43.06640625	0.045449405	2.678574674	2.7309821	0.001996034	sintos
0.001584352	0.000118309	21596.81115	43.06640625	0.040113108	2.182098264	3.309333211	0.001582806	sintos
0.001019734	1.04638E-05	22053.53759	43.06640625	0.031920363	2.845624895	2.729729557	0.001018739	sintos
0.001333993	1.98702E-05	22018.37484	215.3320313	0.03651624	2.586833575	2.953600602	0.001332691	sintos
0.001784581	-1.96272E-05	22035.96501	215.3320313	0.042232585	2.142233109	3.047755592	0.00178284	sintos
0.001698065	-5.64326E-06	22084.17661	43.06640625	0.041188143	2.624448899	3.094054753	0.001696409	sintos
0.001961079	1.97227E-05	22072.86772	43.06640625	0.044269917	3.157831203	3.227790448	0.001959166	sintos
0.002958816	4.07711E-05	22062.09309	43.06640625	0.054396224	3.222992921	3.382276423	0.00295593	sintos
0.00448317	5.59042E-07	22092.08019	43.06640625	0.066923836	3.285171251	3.484051196	0.004478796	sintos
0.006324973	-2.97724E-05	22076.10142	43.06640625	0.079502064	3.045442465	3.512888212	0.006318802	sintos
0.007615369	6.79082E-06	22089.65134	12575.39063	0.087223958	2.970786712	3.668125562	0.007607939	sintos
0.006882835	-3.07457E-05	22076.28514	12618.45703	0.08293368	3.00809426	3.62844915	0.00687612	sintos
0.004708431	3.42762E-05	22070.59782	86.1328125	0.068602113	2.94975905	3.603193975	0.004703837	sintos
0.002511165	-8.88298E-05	22011.87908	43.06640625	0.050235107	3.235602929	3.139040102	0.002508715	sintos
0.001168405	6.0322E-05	21970.53944	43.06640625	0.034269138	2.812999192	3.209255889	0.001167265	sintos
0.004351809	-9.75598E-05	21919.46589	215.3320313	0.06607078	3.856836298	3.596179386	0.004347563	sintos
0.007737381	0.000142062	21901.78852	215.3320313	0.088136517	2.29471468	4.050327769	0.007729832	sintos
0.007573198	5.94883E-05	22012.57031	215.3320313	0.087019848	2.181965261	3.97569973	0.00756581	sintos
0.006619194	-8.50771E-05	21967.09527	215.3320313	0.081401606	2.25294606	3.744599667	0.006612736	sintos
0.005400467	4.72792E-05	22008.43474	215.3320313	0.073481494	2.278445249	3.798953178	0.005395198	sintos
0.004518494	-5.76121E-05	22002.54131	215.3320313	0.067233087	2.403592898	3.637569814	0.004514086	sintos
0.003664192	3.89139E-05	22019.76851	215.3320313	0.060526998	2.37418972	3.627662142	0.003660617	sintos
0.003135013	-4.77101E-05	22005.1317	215.3320313	0.056001361	2.324634852	3.428691837	0.003131955	sintos
0.003087887	4.19494E-06	22086.18821	215.3320313	0.055541848	2.328340641	3.544957749	0.003084875	sintos
0.002507661	3.89199E-05	22004.2066	215.3320313	0.050080713	2.47400204	3.413632988	0.002505215	sintos
0.0025353	2.94358E-06	22087.14291	215.3320313	0.050327293	3.096188719	3.341349107	0.002532826	sintos
0.003034713	-9.98175E-05	21839.74548	215.3320313	0.055226798	2.484401262	3.313994484	0.003031753	sintos
0.002472775	3.31542E-05	21988.40061	215.3320313	0.049724517	2.230210199	3.41398066	0.002470362	sintos
0.002180224	6.24523E-05	21905.84736	215.3320313	0.046745721	2.762254859	3.300106659	0.002178097	sintos
0.001919407	-9.59638E-06	22064.77356	215.3320313	0.043791424	2.518679319	3.085017947	0.001917534	sintos
0.001673944	-6.78508E-05	21866.40528	215.3320313	0.040998135	2.14790445	3.042687041	0.001672311	sintos
0.001650205	4.78782E-05	21903.21215	215.3320313	0.040654433	2.615626527	3.167882403	0.001648595	sintos
0.001491844	-5.48072E-05	21916.18751	215.3320313	0.038678487	2.443870242	2.753279787	0.001490388	sintos
0.001693492	2.30268E-05	22023.01737	215.3320313	0.041144335	2.294754778	2.942864429	0.00169184	sintos
0.002691998	9.23086E-05	21915.68324	215.3320313	0.052010223	2.71649956	3.465951712	0.002689372	sintos
0.005124107	-0.000123537	21891.70578	430.6640625	0.071743025	2.383002782	3.574898405	0.005119108	sintos
0.006633274	6.70697E-05	21995.76775	430.6640625	0.081458108	2.404141468	3.886577243	0.006626802	sintos
0.0060541	0.000162123	21872.86011	387.5976563	0.078082946	2.92713406	3.95076349	0.006048193	sintos
0.005779433	-0.000154375	21854.10644	387.5976563	0.076271588	2.58928543	3.517085617	0.005773795	sintos
0.004486712	-6.32917E-05	21975.54995	387.5976563	0.067005189	2.804265429	3.459486222	0.004482334	sintos
0.002252358	0.000125845	21774.3394	387.5976563	0.047745896	2.741618727	3.56838785	0.00225016	sintos
0.001269505	-0.000130729	21683.52332	387.5976563	0.036056329	2.528637754	2.723299585	0.001268266	sintos
0.001215523	8.36153E-05	21755.74595	43.06640625	0.035033416	2.138009655	3.138303536	0.001214338	sintos
0.001263716	9.89484E-05	21696.35963	43.06640625	0.035780615	2.365289976	3.036556439	0.001262483	sintos
0.001811841	-0.000118067	21733.57142	215.3320313	0.042843454	2.390866032	2.791054492	0.001810073	sintos
0.002254368	-8.66198E-05	21831.56497	215.3320313	0.047606391	2.130797469	3.106963989	0.002252169	sintos
0.001716269	0.000103805	21734.54188	215.3320313	0.041652213	2.3973149	3.31603008	0.001714594	sintos
0.001327515	3.44399E-05	21981.61507	215.3320313	0.036446014	2.052837471	2.942510256	0.00132622	sintos
0.001018271	-0.000129359	21706.01115	215.3320313	0.03237651	2.269220476	2.506415469	0.001017277	sintos
0.000559169	6.82854E-05	21829.3866	215.3320313	0.023816299	2.389314233	2.887295609	0.000558624	sintos
0.000314227	1.21372E-05	22036.497	172.265625	0.01772507	2.800308034	2.41741895	0.00031392	sintos
0.00019479	-4.69858E-05	21814.14314	43.06640625	0.014094072	3.772470037	2.022873811	0.0001946	sintos
0.000231602	6.45082E-05	21755.49687	129.1992188	0.015464888	3.23578997	2.625605412	0.000231376	sintos
0.000522139	-5.80424E-05	21813.23537	43.06640625	0.022975935	2.509992374	2.51461851	0.000521629	sintos
0.000469305	-3.70431E-05	21907.80834	43.06640625	0.021710434	2.579058282	2.530204857	0.000468848	sintos
0.000294342	0.000103149	21498.95822	86.1328125	0.017706998	2.300771109	2.793104178	0.000294054	sintos
0.00049175	6.10226E-05	21770.86994	86.1328125	0.022318953	2.05659933	2.722506928	0.00049127	sintos
0.000757008	-0.00016692	21445.41319	43.06640625	0.02842366	2.410815788	2.178372812	0.000756269	sintos
0.000991727	-3.35157E-05	21955.22242	43.06640625	0.031509644	2.256322208	2.599909656	0.000990759	sintos
0.000749092	0.000190229	21278.07188	43.06640625	0.028558357	2.257129969	3.217991809	0.000748361	sintos
0.000589649	2.92638E-05	21972.88536	86.1328125	0.024304414	2.31669699	2.708275822	0.000589074	sintos
0.000694154	-0.000167102	21334.03031	86.1328125	0.027298602	2.293384683	2.044346544	0.000693477	sintos
0.000697714	-3.7873E-05	21905.49509	43.06640625	0.02644928	1.708414237	2.760887074	0.000697033	sintos
0.000587757	0.000114844	21517.9333	43.06640625	0.024726439	1.964502789	3.063670949	0.000587183	sintos
0.000534192	2.98045E-05	21936.79457	43.06640625	0.023137808	1.939610187	2.710993771	0.000533671	sintos
0.00040394	2.12919E-05	21983.14681	86.1328125	0.020109333	2.23571378	2.47245094	0.000403546	sintos
0.000439838	-4.3851E-05	21848.41463	86.1328125	0.02104661	2.35908805	2.169898421	0.000439408	sintos
0.000356124	5.84248E-05	21799.85633	129.1992188	0.019027874	2.567873994	2.685399518	0.000355776	sintos
0.000560084	-6.66522E-05	21711.4852	43.06640625	0.02382657	2.432351639	2.603331358	0.000559537	sintos
0.000656059	-8.03853E-05	21714.60074	43.06640625	0.025835599	2.425744032	2.467450127	0.000655418	sintos
0.000345633	0.000119248	21438.64892	86.1328125	0.01927856	3.056634811	2.886094433	0.000345296	sintos
0.000339634	-3.00635E-05	21900.683	43.06640625	0.018464726	2.850332718	2.398981607	0.000339303	sintos
0.000368332	-6.27155E-05	21700.51608	86.1328125	0.019371372	2.466583386	2.317235532	0.000367973	sintos
0.000409469	0.000105343	21580.14803	43.06640625	0.020723213	3.780215692	2.916822131	0.000409069	sintos
0.001012487	-5.55209E-05	21881.65058	43.06640625	0.03189331	3.054796254	2.919905702	0.001011499	sintos
0.000796848	-1.38632E-05	22041.95779	43.06640625	0.028221468	4.466843154	2.842224329	0.000796071	sintos
0.000129208	3.23611E-05	21827.70787	43.06640625	0.011446152	2.897989045	2.182135389	0.000129082	sintos
0.000100724	-6.94912E-05	21527.56213	129.1992188	0.01046965	2.542741848	1.565584027	0.000100626	sintos
0.000236909	4.37096E-05	21767.26101	86.1328125	0.015499946	2.404847351	2.503691993	0.000236678	sintos
0.000263366	5.67158E-06	22055.91795	129.1992188	0.016222386	2.195750599	2.328694678	0.000263109	sintos
0.000414998	-6.48314E-05	21754.80062	43.06640625	0.020553376	2.164883313	2.353855254	0.000414593	sintos
0.000739822	8.39738E-05	21609.70407	43.06640625	0.02742909	1.844331429	3.090322357	0.0007391	sintos
0.000893175	-7.50505E-05	21758.48149	43.06640625	0.030047568	1.938046545	2.635993366	0.000892303	sintos
0.001321539	5.26879E-06	22075.01261	43.06640625	0.036335978	1.986292692	2.936577343	0.00132025	sintos
0.001061593	9.12453E-05	21670.91486	43.06640625	0.032802857	2.356154276	3.111797091	0.001060557	sintos
0.000362381	-0.000125091	21557.50392	43.06640625	0.019772221	2.823633576	2.081052703	0.000362027	sintos
0.000707464	2.9932E-05	21944.58649	86.1328125	0.026615976	2.231235346	2.78488635	0.000706774	sintos
0.000917663	7.80388E-05	21727.26239	43.06640625	0.030465847	1.700278128	2.912811464	0.000916767	sintos
0.000442074	-5.07289E-05	21813.22316	43.06640625	0.021129759	2.636914294	2.279513151	0.000441643	sintos
0.000267772	1.36276E-05	22011.41638	86.1328125	0.016365948	2.967579279	2.297148347	0.000267511	sintos
0.000408047	-3.06555E-05	21939.03451	43.06640625	0.020233018	2.551307097	2.361199682	0.000407648	sintos
0.000406711	1.53316E-05	22014.34804	43.06640625	0.020167651	2.613679104	2.585157205	0.000406314	sintos
0.000318313	9.15254E-05	21582.81745	43.06640625	0.018263212	2.298970506	2.751979726	0.000318002	sintos
0.000236861	-8.25398E-05	21597.76405	43.06640625	0.015788857	2.202789482	1.956927011	0.00023663	sintos
0.000185058	-3.31972E-05	21866.46939	129.1992188	0.013671284	2.520337837	2.063949926	0.000184878	sintos
0.000134048	0.000102017	21339.4689	0	0.012376463	3.494334984	2.547952179	0.000133917	sintos
0.00021914	-2.00641E-06	22079.22829	86.1328125	0.014796422	2.887584018	2.328303688	0.000218926	sintos
0.000354166	-0.000143924	21165.6896	43.06640625	0.019803937	2.424302249	1.937394809	0.00035382	sintos
0.000342309	5.25933E-05	21719.71981	129.1992188	0.018629034	2.436290305	2.589046982	0.000341975	sintos
0.000321839	0.000108653	21357.67134	86.1328125	0.018530858	3.058217603	2.828818778	0.000321525	sintos
0.000382066	-9.10269E-05	21451.7621	86.1328125	0.019925444	2.416113272	2.264236706	0.000381693	sintos
0.000553261	-5.62916E-05	21744.87745	43.06640625	0.0236347	1.983225386	2.541991599	0.000552721	sintos
0.000511349	0.000130644	21301.66941	43.06640625	0.023292383	2.171233854	3.035842945	0.00051085	sintos
0.00096272	-4.39328E-05	21932.9956	43.06640625	0.031068277	3.020063815	2.734281485	0.000961781	sintos
0.001370327	-9.4027E-05	21638.14355	43.06640625	0.037220969	2.472790223	2.453338756	0.00136899	sintos
0.00075452	9.33045E-05	21743.70196	43.06640625	0.027750589	2.721836782	2.790508846	0.000753784	sintos
0.000567542	8.30147E-05	21659.54669	86.1328125	0.024078613	1.919230672	2.711191271	0.000566988	sintos
0.000909325	-0.000148562	21272.58375	43.06640625	0.03081285	2.086197668	2.182633937	0.000908438	sintos
0.001101964	3.5645E-05	21954.7229	43.06640625	0.033214602	2.055357386	2.90073484	0.001100889	sintos
0.001524938	0.000122825	21459.59488	43.06640625	0.039388403	2.519012653	3.424898008	0.00152345	sintos
0.001408367	-0.000166363	21464.91018	43.06640625	0.038189447	1.951694755	2.870155427	0.001406993	sintos
0.000791228	-2.95863E-05	21954.71211	86.1328125	0.028144921	1.810192664	2.627180698	0.000790456	sintos
0.001007545	0.000195831	21120.55221	43.06640625	0.032830101	2.110045704	3.061853891	0.001006562	sintos
0.001160869	-4.7857E-05	21899.82894	43.06640625	0.034118053	2.226270128	2.512233509	0.001159736	sintos
0.001280331	-0.000227485	21033.29204	43.06640625	0.037082184	2.100249759	2.304298672	0.001279082	sintos
0.001452363	0.000191807	21326.53922	43.06640625	0.038973622	1.844418529	3.255422431	0.001450946	sintos
0.00178046	9.07927E-05	21769.74352	43.06640625	0.042356353	1.686680102	3.25211774	0.001778723	sintos
0.002092255	-0.000205453	21157.7123	43.06640625	0.046570267	1.546209184	2.669483908	0.002090214	sintos
0.003611471	4.15679E-05	22013.23289	86.1328125	0.060093123	5.814036614	3.357654202	0.003607947	sintos
0.003806973	0.000128108	21838.59297	43.06640625	0.061916858	5.087639713	3.566453912	0.003803259	sintos
0.001520076	-0.000110891	21612.81201	43.06640625	0.039260746	2.040418771	2.826583634	0.001518593	sintos
0.001094966	-5.42953E-05	21811.85234	86.1328125	0.033156182	2.406306535	2.66699995	0.001093898	sintos
0.001170239	9.1157E-05	21595.73151	43.06640625	0.034417257	1.832897645	2.854193665	0.001169097	sintos
0.000511306	6.23108E-05	21683.6073	86.1328125	0.022757882	2.556941891	2.814384028	0.000510807	sintos
0.000491086	-0.000124116	21320.0649	43.06640625	0.022783306	2.974581652	2.239633281	0.000490607	sintos
0.000564825	-5.03444E-05	21787.95485	43.06640625	0.023853978	2.8936077	2.580115088	0.000564274	sintos
0.000641155	0.000288922	20525.99368	0	0.028201804	2.342862433	3.496970756	0.000640529	sintos
0.001194925	-0.00012598	21476.74199	43.06640625	0.034972556	1.745826182	2.379105649	0.001193759	sintos
0.000878301	-0.000185811	21085.10357	43.06640625	0.030681951	1.813655719	2.324033817	0.000877444	sintos
0.000724003	0.000231734	21020.29093	43.06640625	0.028679331	1.789986687	3.17556556	0.000723297	sintos
0.001386994	5.49196E-05	21836.5934	86.1328125	0.037299688	2.415602752	2.951424723	0.00138564	sintos
0.001874065	-0.000283807	20633.2326	43.06640625	0.044968838	1.405236364	2.511527741	0.001872236	sintos
0.001741695	8.50117E-05	21746.84475	43.06640625	0.041874244	1.71144732	3.09746542	0.001739996	sintos
0.001254237	0.000157037	21391.79861	43.06640625	0.036036452	1.940926099	3.082814095	0.001253013	sintos
0.000938903	-0.000170464	21115.48912	43.06640625	0.031495004	2.001075299	2.258985943	0.000937987	sintos
0.000503496	9.69677E-05	21492.12456	43.06640625	0.022814425	2.528850345	2.86228468	0.000503005	sintos
0.00035743	8.54798E-06	22029.23022	43.06640625	0.018900187	2.717868466	2.496519726	0.000357082	sintos
0.000401283	-0.000120809	21212.47062	43.06640625	0.020687609	2.107959054	2.077181135	0.000400892	sintos
0.000313641	6.4222E-05	21686.55608	86.1328125	0.017914686	2.357576048	2.668964123	0.000313335	sintos
0.000215989	5.03412E-05	21753.68621	43.06640625	0.014847718	2.466626968	2.538917982	0.000215778	sintos
0.000297198	-9.02706E-05	21499.31749	43.06640625	0.017667834	2.287312	2.128722629	0.000296908	sintos
0.000347226	2.65566E-05	21941.10437	43.06640625	0.018660305	2.418471105	2.610262051	0.000346888	sintos
0.00023433	5.68813E-05	21749.14397	129.1992188	0.015492219	2.125687303	2.517708468	0.000234101	sintos
0.000739749	-3.80889E-05	21918.92181	215.3320313	0.027234743	4.488620011	2.375218692	0.000739027	sintos
0.00143426	-4.27922E-05	21927.01205	215.3320313	0.037898983	2.301204369	2.587233424	0.001432861	sintos
0.001351764	0.000139595	21613.36178	43.06640625	0.037237582	1.648262492	3.136980789	0.001350445	sintos
0.001108814	-3.84714E-05	21929.0611	43.06640625	0.033324518	2.006211545	2.705516814	0.001107732	sintos
0.000645531	-0.000172042	21350.81991	43.06640625	0.026447949	2.623398361	2.134897009	0.000644902	sintos
0.000633144	0.000203346	21199.38705	43.06640625	0.026630965	2.5152303	3.218210346	0.000632527	sintos
0.000995097	-3.1063E-05	21967.38631	43.06640625	0.031558126	2.828192206	2.727565018	0.000994126	sintos
0.000681256	-0.000108323	21675.29239	43.06640625	0.026504338	3.048360637	2.362155543	0.000680591	sintos
0.000534	0.00010641	21586.9557	344.53125	0.023547272	3.888109661	2.869377736	0.000533479	sintos
0.000611312	-5.62288E-05	21865.5008	344.53125	0.024832826	2.672273484	2.427464304	0.000610716	sintos
0.000650631	3.48511E-05	21934.85098	301.4648438	0.025537815	2.372277579	2.808628382	0.000649996	sintos
0.000757266	2.71414E-05	21979.53353	86.1328125	0.0275296	2.582408732	2.87256166	0.000756527	sintos
0.000758791	-3.43506E-05	21949.49089	43.06640625	0.027573894	2.505087143	2.689087046	0.000758051	sintos
0.000765826	-3.52448E-05	21963.20898	43.06640625	0.027701789	2.401655237	2.674451876	0.000765079	sintos
0.001501955	-4.43264E-05	21964.97819	43.06640625	0.038784486	3.577565034	2.865906736	0.001500489	sintos
0.002841501	0.000203225	21716.46217	344.53125	0.05398729	2.545088824	3.69990022	0.002838729	sintos
0.004408537	-0.000120948	21928.03621	387.5976563	0.066567138	2.667110776	3.33145302	0.004404236	sintos
0.007929485	-7.27932E-05	22019.69822	215.3320313	0.089059869	2.566451963	3.709076885	0.007921749	sintos
0.01305712	0.00017441	21935.13458	258.3984375	0.114462265	2.348774881	4.308687692	0.013044382	sintos
0.016407559	-0.000235971	21873.21709	215.3320313	0.128431709	2.339954673	4.145586056	0.016391552	sintos
0.016730288	2.39675E-06	22090.43139	215.3320313	0.129282564	2.583897709	4.426472345	0.016713966	sintos
0.016420022	0.000188957	21923.79954	215.3320313	0.128335389	2.377606807	4.586795657	0.016404003	sintos
0.014033513	-8.81326E-05	21991.72534	215.3320313	0.118468386	2.271469872	4.241576796	0.014019821	sintos
0.009536141	1.73401E-05	22063.64063	215.3320313	0.097608564	2.460406988	4.060551422	0.009526837	sintos
0.00647274	6.73156E-05	21953.17174	215.3320313	0.080462958	2.40530947	3.890681133	0.006466425	sintos
0.004412273	5.42615E-05	21962.58705	215.3320313	0.066435253	2.497937315	3.695001912	0.004407969	sintos
0.004653141	-3.26667E-05	22009.44721	215.3320313	0.068195511	2.339695367	3.559293674	0.004648602	sintos
0.006250203	-0.000187886	21687.69861	215.3320313	0.079420428	2.155795221	3.394027516	0.006244105	sintos
0.007506009	0.000125306	21824.92155	215.3320313	0.086763961	2.175734842	4.051350084	0.007498686	sintos
0.009084155	-1.87364E-05	22061.15546	215.3320313	0.095266592	2.199047533	3.995578005	0.009075292	sintos
0.010624482	-7.35646E-05	21964.12673	215.3320313	0.10307193	2.259259606	3.918070518	0.010614116	sintos
0.01204054	-8.56431E-06	22083.12153	430.6640625	0.109676252	2.338057388	3.974640403	0.012028793	sintos
0.01342371	-7.34925E-05	21994.52461	430.6640625	0.1158463	2.267206364	3.846062292	0.013410614	sintos
0.014090409	0.00013156	21948.88034	430.6640625	0.118775855	2.373729946	4.062113412	0.014076663	sintos
0.015826624	9.13419E-05	21992.54394	387.5976563	0.125805829	2.145160395	4.144443803	0.015811183	sintos
0.015421143	-8.85634E-05	22015.7047	387.5976563	0.124180024	2.173244719	3.993034692	0.015406098	sintos
0.014011966	-2.09629E-05	22073.68885	387.5976563	0.118318212	2.297128548	3.969313305	0.013998296	sintos
0.015050401	6.67523E-05	22019.0532	387.5976563	0.122657178	2.288502844	4.008679268	0.015035718	sintos
0.014106806	2.03522E-05	22076.72094	387.5976563	0.118717196	2.532852018	3.971174013	0.014093043	sintos
0.014368673	0.000113363	21991.50937	387.5976563	0.119911718	3.125805561	4.224933061	0.014354655	sintos
0.017096	-0.000195338	21914.86286	602.9296875	0.130948384	2.857009963	4.092584013	0.017079321	sintos
0.015373086	-8.68503E-05	22012.97899	387.5976563	0.123984351	2.970598404	4.139265922	0.015358088	sintos
0.011621315	0.000159997	21935.3287	387.5976563	0.107976053	3.629481183	4.345224562	0.011609978	sintos
0.010716173	4.09226E-05	22052.69541	387.5976563	0.103482167	3.598944669	4.195319246	0.010705719	sintos
0.010711174	-0.00013916	21919.72767	387.5976563	0.103615725	2.887563749	3.935080369	0.010700724	sintos
0.009799777	-2.26803E-06	22089.63766	387.5976563	0.098945608	2.534914054	3.967730107	0.009790216	sintos
0.00842569	-4.08138E-06	22085.33914	387.5976563	0.091746991	2.216225761	3.812199537	0.008417469	sintos
0.008107352	-7.22983E-05	21983.5409	387.5976563	0.090049056	2.328293118	3.646088862	0.008099443	sintos
0.008008922	0.00026024	21654.65938	387.5976563	0.090148905	2.526398837	4.026957662	0.008001108	sintos
0.006888639	-6.45556E-06	22079.01423	387.5976563	0.082957966	2.548337048	3.752873623	0.006881918	sintos
0.005172362	-0.000328319	21451.55241	387.5976563	0.073254325	2.500097458	3.05444342	0.005167316	sintos
0.00340821	9.15832E-05	21894.25184	172.265625	0.05848189	3.12786104	3.611623743	0.003404885	sintos
0.001437376	0.000111197	21634.99092	43.06640625	0.038195915	3.656480936	3.365550136	0.001435974	sintos
0.001027055	-0.000136055	21383.3951	43.06640625	0.032559243	2.869153068	2.618085329	0.001026053	sintos
0.000930789	8.43197E-05	21670.91147	129.1992188	0.030710193	1.694726695	2.893829093	0.000929881	sintos
0.000941699	1.97287E-05	22041.59206	172.265625	0.030684507	5.384241311	2.766410557	0.00094078	sintos
0.002248393	3.20714E-05	22039.40012	172.265625	0.047413941	3.997133686	3.011958927	0.002246199	sintos
0.007308299	5.05569E-05	22032.16758	387.5976563	0.085475823	3.099067163	3.730902544	0.007301169	sintos
0.016816981	-4.80373E-05	22053.57305	430.6640625	0.129632271	2.397539843	4.073299031	0.016800574	sintos
0.019019355	-0.000143919	21972.52636	430.6640625	0.137978275	2.354253356	3.983589565	0.019000799	sintos
0.014428556	5.79342E-05	22047.9828	430.6640625	0.12008599	2.599527301	4.115938726	0.014414479	sintos
0.010258467	5.95867E-05	22025.12151	215.3320313	0.101268572	2.703267087	4.24704712	0.010248459	sintos
0.005719073	7.2937E-05	21998.97623	387.5976563	0.075649215	3.234202727	3.970000618	0.005713494	sintos
0.004098041	4.62032E-05	21991.96675	387.5976563	0.064016308	2.711497257	3.673017928	0.004094043	sintos
0.003910047	-0.000102219	21891.83306	215.3320313	0.062658448	2.649132965	3.315306231	0.003906232	sintos
0.00312935	-9.61196E-05	21826.21982	172.265625	0.05606452	2.854646041	2.773818603	0.003126297	sintos
0.003182319	-6.60108E-05	21901.19692	86.1328125	0.056460371	2.567561263	2.906021955	0.003179214	sintos
0.002729969	0.000242113	21182.26283	43.06640625	0.053256454	1.992738916	3.616303667	0.002727306	sintos
0.001938197	4.00978E-05	21957.54593	86.1328125	0.044036757	1.868031821	2.987225977	0.001936306	sintos
0.001965105	-8.70938E-05	21783.35	215.3320313	0.044462668	2.071977893	3.030724076	0.001963188	sintos
0.00228842	8.08935E-05	21896.58632	215.3320313	0.047937721	2.647505164	3.500080834	0.002286188	sintos
0.003537806	-4.2457E-05	21991.35972	215.3320313	0.059476894	2.702479492	3.607094962	0.003534355	sintos
0.00392742	-9.50629E-05	21919.93397	215.3320313	0.062773058	2.710383362	3.643338586	0.003923588	sintos
0.003116594	5.36078E-05	21990.86722	215.3320313	0.055845924	2.881948414	3.591251335	0.003113554	sintos
0.002855314	-3.02747E-06	22088.47259	215.3320313	0.05340912	2.478511377	3.420270317	0.002852529	sintos
0.002764416	-6.81564E-05	21938.90182	215.3320313	0.052637518	2.591581721	3.360985717	0.002761719	sintos
0.002545312	6.0149E-05	21950.73885	172.265625	0.050494523	2.748589174	3.472690631	0.002542828	sintos
0.002603358	2.17267E-05	22041.0756	387.5976563	0.051006043	2.951991246	3.378872407	0.002600818	sintos
0.002453075	-2.46165E-05	22028.18364	43.06640625	0.049516273	2.853131495	3.315391122	0.002450682	sintos
0.00167842	3.37401E-05	21998.86565	172.265625	0.040974119	2.586057553	3.317524549	0.001676782	sintos
0.001167905	-0.000166364	21424.88962	43.06640625	0.034907018	2.020953412	2.62293768	0.001166765	sintos
0.00090914	9.39764E-06	22042.98989	43.06640625	0.030140438	2.045749923	2.959481205	0.000908253	sintos
0.000391645	0.00016724	21101.52727	43.06640625	0.021053616	2.647703905	3.08681682	0.000391263	sintos
0.000323074	-7.02175E-06	22042.71334	129.1992188	0.017967735	1.91465056	2.355813462	0.000322759	sintos
0.000495347	-0.000183076	21002.55001	86.1328125	0.023593014	2.695315547	1.897426394	0.000494864	sintos
0.000729856	9.38559E-05	21515.8877	43.06640625	0.027304784	2.718219314	2.922114521	0.000729144	sintos
0.000488405	0.000185313	20904.79929	43.06640625	0.023486012	2.537204006	3.143489022	0.000487928	sintos
0.000519399	-0.000196003	21249.07048	129.1992188	0.024287949	2.488049778	2.106584482	0.000518892	sintos
0.000632142	6.30486E-05	21890.06218	43.06640625	0.025278097	2.985603102	2.97669307	0.000631525	sintos
0.000663651	5.73646E-05	21957.995	43.06640625	0.025868908	3.111232313	2.94789342	0.000663003	sintos
0.00097084	-0.000129349	21896.98465	43.06640625	0.031637626	2.815851676	2.589796386	0.000969892	sintos
0.00189798	0.000125791	21965.03549	43.06640625	0.043879752	3.097454782	3.476104891	0.001896129	sintos
0.003491438	1.0819E-05	22083.72119	43.06640625	0.059061651	3.131314775	3.39836436	0.003488031	sintos
0.004093728	-0.000176545	21952.59296	43.06640625	0.064404881	3.210988218	3.10144784	0.004089734	sintos
0.003109346	7.12486E-05	22031.46916	86.1328125	0.055821453	3.210360496	3.520350235	0.003106313	sintos
0.001902638	3.10262E-05	22060.89724	86.1328125	0.043617446	3.084047507	3.167129599	0.001900782	sintos
0.001668983	-0.00010257	21983.71815	11584.86328	0.04106874	3.487175958	2.783199835	0.001667354	sintos
0.002237105	0.000113042	21987.17507	43.06640625	0.047525653	3.11040211	3.369109504	0.002234923	sintos
0.002366851	8.67572E-05	22013.15475	86.1328125	0.048769805	3.08017444	3.309063707	0.002364542	sintos
0.003340466	-8.79869E-05	22016.26709	43.06640625	0.057889125	4.263205435	3.23349212	0.003337207	sintos
0.004722689	0.000136602	21930.90762	86.1328125	0.068939933	2.937239009	3.767027339	0.004718082	sintos
0.003319338	-2.58002E-05	22044.32024	86.1328125	0.057595962	2.041129426	3.195660172	0.003316099	sintos
0.001133901	-0.000231206	21450.62531	43.06640625	0.035082551	2.538151141	2.258199481	0.001132795	sintos
0.001964472	-0.000132731	21666.81946	43.06640625	0.044666461	2.337070914	2.744519497	0.001962556	sintos
0.004468087	0.000134564	21802.6237	86.1328125	0.067059023	1.755475794	3.479018309	0.004463728	sintos
0.00455557	0.000197082	21337.12947	43.06640625	0.06799887	1.92551443	3.670392939	0.004551126	sintos
0.002161042	-0.000114933	21745.76801	43.06640625	0.046731773	2.572227984	2.969914721	0.002158933	sintos
0.000608233	-1.83853E-05	22007.99813	86.1328125	0.024661898	2.638341516	2.71673714	0.00060764	sintos
0.001098525	-8.99789E-06	22056.43655	86.1328125	0.033130443	2.226584781	2.987437122	0.001097453	sintos
0.001832796	6.73089E-05	21792.68743	43.06640625	0.042888838	1.852062046	3.354390683	0.001831008	sintos
0.001145781	7.10754E-05	21828.48005	43.06640625	0.033967348	2.653674452	2.90738971	0.001144663	sintos
0.002246348	-0.000111678	21845.33176	215.3320313	0.04760958	4.643874601	2.612566992	0.002244157	sintos
0.005676483	-5.13212E-05	22005.3212	215.3320313	0.075340183	2.745612113	3.376989596	0.005670945	sintos
0.008464325	7.10194E-05	21982.80994	215.3320313	0.092010476	2.381435557	3.858863616	0.008456067	sintos
0.009809897	0.000142324	21865.16464	215.3320313	0.099177425	2.355407735	3.996911851	0.009800327	sintos
0.012665101	-9.63024E-06	22080.90673	430.6640625	0.112484914	2.28566642	3.872410362	0.012652745	sintos
0.015009787	-1.99572E-05	22067.14619	430.6640625	0.122458013	2.172992027	3.928695652	0.014995143	sintos
0.015085581	-4.73456E-05	22041.36727	430.6640625	0.122778582	2.131636768	3.923998194	0.015070864	sintos
0.013240569	-5.77648E-05	22029.0933	430.6640625	0.115037411	2.128191623	3.883946837	0.013227651	sintos
0.010635591	0.000113607	21976.86629	387.5976563	0.103194191	2.332279666	3.946213427	0.010625215	sintos
0.011281771	-4.44047E-05	22043.41634	387.5976563	0.106179075	2.166924993	3.820586265	0.011270764	sintos
0.01140502	-0.000143767	21931.86352	387.5976563	0.106924319	2.241181703	3.750415524	0.011393893	sintos
0.010787347	5.54503E-05	22025.16371	387.5976563	0.103841759	2.522287803	4.024054898	0.010776822	sintos
0.01186785	-4.15928E-05	22046.41686	387.5976563	0.108902457	2.294399315	3.985585349	0.011856272	sintos
0.011575797	8.4152E-05	21982.29291	387.5976563	0.107600927	2.214108613	3.963281026	0.011564503	sintos
0.010098527	-1.40213E-06	22089.59402	387.5976563	0.100442466	2.140091664	3.772132748	0.010088674	sintos
0.010024929	5.09082E-05	22016.72186	387.5976563	0.100100888	2.16836421	3.795559117	0.010015148	sintos
0.010174262	3.73912E-05	22048.30097	387.5976563	0.100830199	2.137631986	3.886025319	0.010164335	sintos
0.010671629	-0.000303956	21618.07339	387.5976563	0.10406786	2.041457862	3.639847254	0.010661217	sintos
0.010459935	0.000143275	21872.74203	387.5976563	0.102403375	2.134459083	4.043145181	0.01044973	sintos
0.008739018	0.000241478	21641.32115	387.5976563	0.094023033	2.199313871	4.108122069	0.008730492	sintos
0.006612864	-0.000123169	21843.93523	387.5976563	0.081454577	2.427806934	3.521056256	0.006606412	sintos
0.003437785	-0.000150473	21789.10306	387.5976563	0.058956214	3.083553105	3.01600999	0.003434431	sintos
0.001134971	5.22439E-05	21954.21438	172.265625	0.033745791	3.988048678	3.021833576	0.001133864	sintos
0.000536395	7.38525E-05	21883.73511	86.1328125	0.023361863	2.466271159	2.925812689	0.000535872	sintos
0.000590556	3.46766E-05	22000.69053	86.1328125	0.024334305	2.354619428	2.824920831	0.00058998	sintos
0.000610358	-2.01951E-05	22047.07324	86.1328125	0.024708584	2.463875371	2.612698953	0.000609762	sintos
0.001020702	-0.000154864	21763.32021	43.06640625	0.03261986	2.461705007	2.404778972	0.001019706	sintos
0.001512	-7.81403E-05	21964.62746	86.1328125	0.039009577	2.132476894	2.829798734	0.001510525	sintos
0.001242922	0.000134586	21873.17609	86.1328125	0.035706989	2.536606384	3.315530112	0.001241709	sintos
0.003577911	0.000122333	21966.15007	344.53125	0.060013031	5.970756269	3.42796289	0.00357442	sintos
0.003828283	-6.74234E-06	22085.97269	344.53125	0.061843603	5.404688293	3.093119042	0.003824548	sintos
0.000910736	-7.71127E-05	21948.52942	86.1328125	0.030350095	3.365825278	2.522758532	0.000909848	sintos
0.001940484	-7.07082E-05	21937.14823	215.3320313	0.044131481	5.527134689	3.022667354	0.001938591	sintos
0.005322255	6.2377E-05	22005.18358	215.3320313	0.072963729	3.104700664	3.976724111	0.005317062	sintos
0.008025532	8.28725E-05	21963.43315	387.5976563	0.089615455	2.627352503	4.032513261	0.008017702	sintos
0.007049021	-6.19597E-06	22080.41679	387.5976563	0.083918374	2.768764941	3.701367324	0.007042144	sintos
0.003424712	-0.000100317	21895.24029	344.53125	0.058647159	3.136163926	3.290833055	0.003421371	sintos
0.001224292	4.39341E-05	21944.40761	215.3320313	0.035022994	2.884613681	3.126385483	0.001223098	sintos
0.000724128	-9.74073E-06	22046.34303	43.06640625	0.026899667	2.482692139	2.657345646	0.000723422	sintos
0.001229261	-0.000101775	21741.0011	43.06640625	0.035318415	3.279838598	2.39152973	0.001228061	sintos
0.001391012	6.86372E-05	21964.39764	86.1328125	0.03739564	2.463506834	2.986095015	0.001389655	sintos
0.001326645	0.000114386	21960.43399	86.1328125	0.03673576	3.188540664	3.205551533	0.001325351	sintos
0.002782089	-4.25162E-05	22058.8204	43.06640625	0.052751068	3.274711943	3.216849113	0.002779375	sintos
0.004346013	-1.32345E-05	22084.50945	86.1328125	0.065894378	2.729495577	3.452056149	0.004341773	sintos
0.004211607	9.33177E-06	22086.30824	86.1328125	0.064866664	2.832394628	3.480872196	0.004207498	sintos
0.002331937	-0.000156094	21957.29126	86.1328125	0.048729916	3.748934974	2.896740137	0.002329662	sintos
0.000929749	7.57964E-05	21975.33426	86.1328125	0.030651701	2.93639658	3.060477497	0.000928842	sintos
0.001130119	0.00017677	21601.84929	43.06640625	0.034447028	1.969354048	3.28328775	0.001129016	sintos
0.001086375	-5.13932E-05	21866.48661	86.1328125	0.033019662	2.213849169	2.663128635	0.001085315	sintos
0.000564403	-0.000101477	21534.52818	86.1328125	0.024148181	2.333127586	2.351474098	0.000563853	sintos
0.000853175	-8.84436E-05	21723.51516	172.265625	0.0294378	2.189126976	2.664485916	0.000852343	sintos
0.002081326	-0.000127669	21570.32071	86.1328125	0.045930386	2.398482723	2.916359145	0.002079296	sintos
0.00251875	2.56954E-05	22005.35169	86.1328125	0.050175338	1.962248349	3.393070637	0.002516293	sintos
0.001305158	0.000199649	21136.25474	86.1328125	0.03711337	2.394108613	3.453509701	0.001303885	sintos
0.000920918	0.000156175	21365.63725	43.06640625	0.031069799	1.630807466	3.013229246	0.000920019	sintos
0.001048604	-5.6543E-05	21852.56447	86.1328125	0.032457179	1.701067715	2.708828071	0.001047581	sintos
0.001191621	-5.52571E-05	21808.82719	86.1328125	0.034581954	1.679419683	2.757545698	0.001190458	sintos
0.001605724	-0.000157242	21571.01328	86.1328125	0.040615017	2.768519293	2.694217727	0.001604157	sintos
0.003575373	-9.33078E-05	21897.66603	215.3320313	0.059900421	2.811214053	3.354429768	0.003571885	sintos
0.006486664	0.000266626	21678.4554	430.6640625	0.081305335	2.614667858	4.040647661	0.006480335	sintos
0.009961508	0.000171997	21862.83116	430.6640625	0.100033348	2.242792547	3.979482533	0.009951789	sintos
0.009964032	-0.000107067	21958.27467	430.6640625	0.099879237	2.064116516	3.67885205	0.009954311	sintos
0.007819165	-0.000149691	21889.63882	430.6640625	0.088616293	1.924035672	3.465105684	0.007811537	sintos
0.007595473	-7.0602E-05	21990.94979	430.6640625	0.087161138	2.170737658	3.609683573	0.007588063	sintos
0.006186344	-5.64389E-05	21995.2378	387.5976563	0.078653649	2.599928901	3.476596696	0.006180309	sintos
0.003214742	8.17111E-05	21914.55638	86.1328125	0.056780021	3.471440666	3.184251483	0.003211606	sintos
0.002055933	0.000174104	21723.11489	86.1328125	0.045929467	2.883842862	3.308889825	0.002053927	sintos
0.002523613	-0.000101774	21900.87745	215.3320313	0.050402287	2.927413642	3.167812394	0.002521151	sintos
0.001561599	-4.87443E-05	21961.43339	387.5976563	0.039553904	4.986411962	3.024014603	0.001560075	sintos
0.001107898	0.000130755	21735.94882	86.1328125	0.033747468	3.764949318	3.31648277	0.001106818	sintos
0.004381935	-0.000112737	21919.90422	430.6640625	0.066336668	5.474239733	3.455119975	0.00437766	sintos
0.006670195	-0.000122617	21931.648	430.6640625	0.081799382	3.314241646	3.646795019	0.006663687	sintos
0.005793727	0.000204361	21819.92022	387.5976563	0.076593382	2.779397288	4.020983263	0.005788075	sintos
0.006759432	0.000109679	21941.56892	602.9296875	0.082312493	3.00593622	4.058759813	0.006752838	sintos
0.005829653	-0.000163147	21867.49186	387.5976563	0.076636219	3.255506831	3.583976194	0.005823966	sintos
0.003823526	-2.43406E-05	22050.55695	559.8632813	0.061813114	3.528627023	3.550583023	0.003819796	sintos
0.003182029	0.000116539	21858.44399	559.8632813	0.056605192	3.508958505	3.728338732	0.003178925	sintos
0.002451406	-4.27188E-05	21991.79615	559.8632813	0.049521472	3.081320157	3.285461658	0.002449014	sintos
0.00189701	-0.000124954	21729.82334	43.06640625	0.043865027	2.892044259	2.879251539	0.001895159	sintos
0.001292334	4.89337E-06	22076.17423	86.1328125	0.035932156	2.90976499	3.003640375	0.001291074	sintos
0.001787775	4.04625E-05	21982.06959	387.5976563	0.042295805	3.518867935	3.325539968	0.001786031	sintos
0.003439041	7.99934E-05	21914.60594	559.8632813	0.058714851	2.944119253	3.624301701	0.003435686	sintos
0.003791172	1.62696E-05	22060.28905	559.8632813	0.061545673	2.643997614	3.532264988	0.003787473	sintos
0.002825473	-4.42508E-05	21994.24024	559.8632813	0.05316221	2.52597632	3.293769759	0.002822716	sintos
0.003404113	-5.35203E-05	21984.20103	387.5976563	0.058363567	2.89208422	3.390149407	0.003400792	sintos
0.003792728	3.77467E-05	22022.62419	387.5976563	0.061577648	3.191477009	3.735681241	0.003789028	sintos
0.003239071	0.000103221	21913.03231	387.5976563	0.057060168	3.911881871	3.835693294	0.003235911	sintos
0.003435572	-9.13909E-05	21946.41444	172.265625	0.058720655	3.329138327	3.572533628	0.00343222	sintos
0.00327197	-6.04967E-05	21991.65443	387.5976563	0.057231319	2.933944825	3.558904179	0.003268778	sintos
0.002953589	7.73024E-05	21974.22644	215.3320313	0.054419308	2.609066728	3.684496032	0.002950708	sintos
0.002451898	3.59009E-05	22020.0044	215.3320313	0.049516662	2.733661878	3.489276866	0.002449506	sintos
0.001837638	5.56278E-05	21971.48277	172.265625	0.042912985	2.55729313	3.284070787	0.001835845	sintos
0.001513294	1.47359E-05	22056.98072	172.265625	0.038887191	2.594861008	3.121377957	0.001511818	sintos
0.000979795	-7.4718E-05	21899.0836	172.265625	0.031453763	3.192309669	2.786994764	0.000978839	sintos
0.000439282	-3.49347E-05	21976.58943	43.06640625	0.021002519	3.352843483	2.462858233	0.000438854	sintos
0.000480718	-5.97784E-05	21879.72415	86.1328125	0.02206284	3.021041314	2.390283822	0.000480249	sintos
0.000847598	-6.00967E-05	21871.92925	86.1328125	0.029212494	2.078182052	2.649171913	0.000846771	sintos
0.001115861	1.39558E-06	22086.01053	86.1328125	0.033388305	1.91015273	2.848301743	0.001114772	sintos
0.000930355	-5.63974E-06	22073.93636	86.1328125	0.030487728	2.236885062	2.868783565	0.000929447	sintos
0.001222789	-5.2042E-05	21916.84432	86.1328125	0.035023693	2.3926786	2.973436014	0.001221596	sintos
0.001464062	2.89644E-05	21985.28787	86.1328125	0.038264574	2.115171326	3.12699826	0.001462633	sintos
0.001280133	0.000182468	21503.19424	86.1328125	0.036602651	1.911374607	3.180048328	0.001278884	sintos
0.001658247	0.000126791	21691.48796	86.1328125	0.041064868	1.947749144	3.158861127	0.001656629	sintos
0.001455028	2.76366E-05	22005.60755	86.1328125	0.03814315	1.999020022	3.064551221	0.001453609	sintos
0.001557841	-7.85935E-06	22070.82601	86.1328125	0.039451451	1.870995122	3.107155302	0.001556321	sintos
0.001485016	-0.000181693	21577.53796	43.06640625	0.039300359	2.056442658	2.610333015	0.001483567	sintos
0.001046605	-0.000124109	21631.76141	86.1328125	0.032766224	2.836190943	2.258232121	0.001045584	sintos
0.000699029	2.74529E-05	21974.40078	86.1328125	0.026453917	3.137710271	2.535312062	0.000698347	sintos
0.000751395	-3.22293E-05	21932.54517	86.1328125	0.027432045	2.663191202	2.508910007	0.000750662	sintos
0.001424979	-3.26166E-05	21927.43427	86.1328125	0.0377567	1.981825458	2.756287863	0.001423589	sintos
0.001040877	5.38785E-05	21826.33654	86.1328125	0.032331117	2.514597763	2.859517207	0.001039862	sintos
0.000455563	2.03727E-05	21971.59625	86.1328125	0.021351168	2.53576738	2.607147727	0.000455118	sintos
0.000586261	3.70698E-06	22074.59092	86.1328125	0.024201843	4.749783539	2.73511206	0.000585689	sintos
0.001308101	3.27682E-05	21994.44606	301.4648438	0.036176857	7.026981825	3.022569238	0.001306825	sintos
0.001237434	5.71704E-05	21943.19608	86.1328125	0.035247438	7.306755836	2.886606852	0.001236227	sintos
0.000635399	-3.29332E-05	21903.85854	86.1328125	0.025236465	2.665559209	2.517684128	0.00063478	sintos
0.001037401	8.32663E-05	21655.51133	86.1328125	0.032387638	1.942014319	3.022099407	0.001036388	sintos
0.001431424	5.91912E-05	21827.04837	86.1328125	0.037899626	1.810301555	3.026707082	0.001430027	sintos
0.001022111	-6.69001E-05	21735.55428	86.1328125	0.032087269	2.222153752	2.668499664	0.001021114	sintos
0.000821136	8.39012E-05	21723.87369	86.1328125	0.028867919	2.193911622	3.072983729	0.000820335	sintos
0.001476965	-2.48326E-05	22021.53753	86.1328125	0.038427277	2.376452404	3.175973867	0.001475524	sintos
0.001316437	-0.000126717	21741.40546	86.1328125	0.03667001	2.772927481	2.710086583	0.001315153	sintos
0.00100808	-3.8647E-05	21976.71982	86.1328125	0.031777008	2.759209689	2.816850528	0.001007097	sintos
0.001568449	-4.12214E-05	21967.73796	86.1328125	0.039621781	2.238226285	3.190069757	0.001566919	sintos
0.002296148	-1.64913E-05	22038.36182	86.1328125	0.047899696	1.868750069	3.309782665	0.002293908	sintos
0.002170299	-6.6452E-05	21883.64195	86.1328125	0.046649015	2.08813935	3.135869937	0.002168181	sintos
0.002251116	-2.74745E-05	22008.10896	86.1328125	0.047437497	2.106104641	3.165336433	0.00224892	sintos
0.001812143	8.24423E-05	21791.07176	86.1328125	0.042696154	2.122301177	2.916721379	0.001810375	sintos
0.001494088	-1.60832E-05	22033.41404	86.1328125	0.038641716	2.413067475	2.940220123	0.00149263	sintos
0.00321052	0.000106002	21837.09282	86.1328125	0.056813078	2.223056944	3.647264985	0.003207388	sintos
0.003522839	8.1242E-05	21855.48105	86.1328125	0.059423573	1.987672185	3.474090176	0.003519402	sintos
0.002741652	1.51146E-05	22050.3368	86.1328125	0.052338262	1.709541256	3.14474517	0.002738977	sintos
0.002409884	9.73758E-05	21792.68547	86.1328125	0.049240647	1.710868928	3.385387799	0.002407533	sintos
0.002821686	0.000107649	21812.36583	86.1328125	0.053293258	1.709910105	3.543220804	0.002818933	sintos
0.002573834	-5.97882E-05	21905.75515	86.1328125	0.050774475	1.990477724	3.17964888	0.002571323	sintos
0.001977855	-2.56708E-05	22010.54254	86.1328125	0.044464175	2.365641307	2.925963568	0.001975926	sintos
0.003119824	-1.47979E-05	22054.63822	86.1328125	0.05583126	2.000671394	2.890687679	0.003116781	sintos
0.003328048	-0.000123557	21715.01182	86.1328125	0.057900162	1.91199402	2.963099613	0.003324801	sintos
0.003555986	-0.000114052	21745.89872	86.1328125	0.059797009	1.818181178	3.12368585	0.003552516	sintos
0.003301223	-6.83283E-05	21892.15317	86.1328125	0.057500011	1.86496688	3.256224765	0.003298003	sintos
0.002760923	-5.73778E-05	21926.23915	86.1328125	0.052573328	1.954020037	3.217534069	0.002758229	sintos
0.002836419	-4.26634E-05	21976.85002	86.1328125	0.053261924	1.923395047	3.20167609	0.002833651	sintos
0.002239432	-2.15963E-05	22034.88888	86.1328125	0.047308473	1.958506348	3.275835241	0.002237247	sintos
0.002343412	1.65396E-05	22049.84696	86.1328125	0.048390309	2.089735145	3.364307684	0.002341126	sintos
0.002537913	5.45227E-05	21948.24329	86.1328125	0.050405302	2.040842658	3.427252494	0.002535437	sintos
0.002901681	1.35235E-06	22092.56554	86.1328125	0.053840971	1.782314551	3.308192467	0.00289885	sintos
0.003350815	0.000100703	21852.32644	86.1328125	0.058015185	1.700254175	3.292898421	0.003347546	sintos
0.002720502	8.74525E-05	21891.43722	86.1328125	0.052263409	1.903528497	3.384273098	0.002717848	sintos
0.001983968	-7.62106E-06	22072.61753	86.1328125	0.044521601	1.953372926	3.223583244	0.001982032	sintos
0.001938946	0.000103612	21848.0754	86.1328125	0.044230209	2.126690173	3.405398811	0.001937055	sintos
0.001986469	7.35134E-05	21919.37944	86.1328125	0.044658938	2.183177408	3.465843971	0.001984531	sintos
0.001488293	-3.47859E-05	22000.26046	86.1328125	0.038590581	2.278290699	3.14862974	0.001486841	sintos
0.001345744	6.04705E-05	21907.74434	86.1328125	0.036758902	1.829443791	3.145373368	0.001344431	sintos
0.001940762	9.75305E-07	22090.13868	86.1328125	0.044032605	1.92459395	3.202063572	0.001938868	sintos
0.004305645	-8.7814E-05	21945.96032	86.1328125	0.065694704	4.218081099	3.207362816	0.004301445	sintos
0.003691238	4.0954E-05	22022.47196	86.1328125	0.060751983	5.290459957	3.285672876	0.003687637	sintos
0.001746168	1.62727E-05	22045.24201	86.1328125	0.04177274	1.96621671	3.120455523	0.001744464	sintos
0.001576903	-0.000192179	21488.65438	86.1328125	0.040542895	2.409438153	2.399865713	0.001575364	sintos
0.000539976	-3.84337E-05	21964.55672	43.06640625	0.023282494	3.01118056	2.562747398	0.000539449	sintos
0.000405253	0.000119652	21673.07526	129.1992188	0.020768307	3.170412705	2.959793903	0.000404858	sintos
0.000532472	-3.98012E-05	21964.22862	86.1328125	0.023126371	2.81140224	2.568067963	0.000531953	sintos
0.000656785	-4.0852E-05	21975.78369	86.1328125	0.025675531	2.665571893	2.662471726	0.000656145	sintos
0.000851085	7.19481E-05	21911.33835	86.1328125	0.029322833	2.559194717	3.0327451	0.000850255	sintos
0.000850647	-2.74776E-05	22024.45408	86.1328125	0.029176123	2.676074143	2.820148036	0.000849817	sintos
0.000652601	-9.08151E-06	22068.43435	86.1328125	0.025536383	2.6964431	2.748514484	0.000651964	sintos
0.000450329	3.33115E-05	21994.33844	172.265625	0.021258248	2.548273093	2.670902786	0.00044989	sintos
0.00053192	-3.83022E-05	21976.83833	86.1328125	0.023108296	2.838975558	2.404948367	0.000531401	sintos
0.000948712	-8.89659E-05	21808.89145	86.1328125	0.031022318	2.560685974	2.583672194	0.000947786	sintos
0.000826956	5.81185E-05	21904.84379	43.06640625	0.028853068	3.379649517	3.078121773	0.000826149	sintos
0.000425873	0.000107223	21641.50769	86.1328125	0.021140936	2.209997756	2.904881853	0.000425457	sintos
0.000827596	-0.000166468	21384.36139	86.1328125	0.029632139	2.116459768	2.361872992	0.000826788	sintos
0.000969999	-1.73147E-05	22024.37232	86.1328125	0.031138454	2.070041198	2.769692867	0.000969053	sintos
0.000813686	0.000215397	21093.18629	43.06640625	0.029987999	1.969138152	3.144532131	0.000812892	sintos
0.001508785	-0.000100724	21766.07589	86.1328125	0.039065081	2.768836821	2.676144504	0.001507313	sintos
0.001229809	-9.09127E-05	21785.56566	86.1328125	0.035267204	3.401606246	2.75499053	0.001228609	sintos
0.000666353	0.000177235	21417.54295	43.06640625	0.026909599	3.211171144	3.10595651	0.000665703	sintos
0.000926814	-8.84446E-05	21767.82609	86.1328125	0.030665702	3.233167673	2.460952074	0.00092591	sintos
0.001099283	-0.000151469	21604.92133	86.1328125	0.033775992	2.299296259	2.509691006	0.00109821	sintos
0.001033043	0.000199616	21393.35648	43.06640625	0.033254546	2.234059234	3.381116112	0.001032036	sintos
0.001283226	-2.56449E-05	22013.83153	43.06640625	0.035821702	2.279886396	3.041077488	0.001281974	sintos
0.002255449	-0.000232667	21428.11266	43.06640625	0.048512207	2.110283095	2.641026305	0.002253249	sintos
0.001709669	6.2658E-05	21890.12856	86.1328125	0.04141656	2.685543139	3.249368617	0.001708001	sintos
0.00048956	6.24971E-05	21830.09943	86.1328125	0.022277734	2.592504599	2.80306039	0.000489083	sintos
0.001569965	-0.000170512	21489.61258	86.1328125	0.040277858	2.254157682	2.767832263	0.001568433	sintos
0.002388254	1.77642E-05	22027.18056	86.1328125	0.048851703	1.86789259	2.999910779	0.002385924	sintos
0.001537902	0.000133542	21568.5505	86.1328125	0.03961602	2.265544636	3.044098226	0.001536402	sintos
0.00079346	-4.63019E-05	21876.30163	86.1328125	0.028225449	2.316338016	2.661807104	0.000792685	sintos
0.000681747	3.31682E-05	21927.783	86.1328125	0.02613672	2.215493808	2.853613323	0.000681082	sintos
0.000594264	4.37385E-05	21888.20066	86.1328125	0.024438296	2.59919454	2.721321888	0.000593685	sintos
0.000432092	-1.30762E-05	22050.32823	86.1328125	0.02078461	2.534582983	2.449913577	0.00043167	sintos
0.001076392	-1.34576E-05	22065.57357	86.1328125	0.032797213	3.148576817	2.839277879	0.001075342	sintos
0.014428822	1.39269E-05	22081.93463	430.6640625	0.120062691	5.274318009	3.759947854	0.014414745	sintos
0.015842986	7.4951E-05	22029.04584	387.5976563	0.125849506	4.572249974	4.075834859	0.015827529	sintos
0.002576134	-2.03215E-05	22063.1489	473.7304688	0.050739043	7.174097016	3.064209901	0.002573621	sintos
0.000426366	3.38521E-05	21959.58083	43.06640625	0.020688936	3.029480924	2.706260157	0.00042595	sintos
0.000315226	-8.19513E-06	22048.33805	43.06640625	0.017749449	3.098397818	2.419371551	0.000314919	sintos
0.001621754	-5.64633E-05	21938.25161	645.9960938	0.040326562	8.788230488	2.564183188	0.001620172	sintos
0.001534325	8.28838E-05	21863.13125	559.8632813	0.039312723	10.0183251	3.108175822	0.001532828	sintos
0.000209096	-4.19711E-06	22065.9871	86.1328125	0.014454429	2.790757124	2.31346292	0.000208892	sintos
0.000194575	-9.07231E-05	21550.37914	129.1992188	0.01447945	2.885464633	1.849547946	0.000194385	sintos
0.00030877	3.77199E-05	21867.23245	43.06640625	0.017636774	2.552705134	2.574891541	0.000308468	sintos
0.000413612	3.37984E-05	21895.4556	43.06640625	0.020380113	2.163343424	2.739158663	0.000413208	sintos
0.000419715	-0.000111159	21482.5045	43.06640625	0.021031893	2.356915309	2.203065572	0.000419305	contos
0.000409813	6.98627E-05	21709.57072	43.06640625	0.020459252	2.760252435	2.760949334	0.000409413	contos
0.00031925	1.69902E-05	22002.9343	43.06640625	0.017874196	2.331654944	2.430867793	0.000318938	contos
0.000310954	-0.000104765	21539.40119	86.1328125	0.018189099	3.1102197	1.868832048	0.00031065	contos
0.000381721	1.74205E-05	21996.54313	86.1328125	0.019542973	2.190260972	2.574385201	0.000381349	contos
0.000367129	0.000100437	21537.34067	43.06640625	0.019635805	2.014491872	2.867465452	0.00036677	contos
0.012820582	-6.23327E-05	22069.27571	3316.113281	0.1132033	29.16327444	3.14356916	0.012808074	contos
0.071582122	0.000106959	22070.04564	387.5976563	0.267463865	4.809647563	4.127433653	0.071512286	contos
0.118083967	-2.70338E-05	22089.04113	387.5976563	0.343467576	2.733273132	4.685410888	0.117968763	contos
0.09490875	-0.000117992	22075.83541	344.53125	0.307961451	2.977485178	4.501857436	0.094816156	contos
0.092965899	0.000228284	22058.60067	516.796875	0.304914246	3.333727828	4.533163727	0.0928752	contos
0.088834686	0.000186272	22062.03997	301.4648438	0.298011362	3.309515421	4.563781077	0.088748018	contos
0.052788435	1.32404E-05	22090.017	172.265625	0.229645975	3.02687511	4.425885452	0.052736934	contos
0.066181116	-9.2574E-05	22076.48101	215.3320313	0.257164496	3.526089986	4.374461981	0.066116549	contos
0.104326754	0.000165615	22068.78577	129.1992188	0.32292124	2.76236653	4.601757129	0.104224972	contos
0.107661367	-0.000108838	22076.17195	129.1992188	0.327995275	2.550503279	4.549503717	0.107556332	contos
0.080651191	-9.94185E-05	22078.00156	430.6640625	0.283881336	2.78157614	4.48698357	0.080572507	contos
0.0704187	-2.4157E-06	22092.26393	129.1992188	0.265235812	2.890900926	4.468214831	0.070349998	contos
0.07856622	7.90061E-05	22079.32263	172.265625	0.280182299	2.705578477	4.478603099	0.07848957	contos
0.085404779	-1.82921E-05	22090.461	129.1992188	0.292099233	2.87869145	4.503634882	0.085321458	contos
0.08132065	-0.000301739	22044.34863	129.1992188	0.285315918	3.033506936	4.366911435	0.081241313	contos
0.087260726	0.000206161	22061.12728	215.3320313	0.295374834	2.846840543	4.606330048	0.087175594	contos
0.078072392	0.000236087	22051.83812	172.265625	0.279467735	3.143772771	4.547976301	0.077996224	contos
0.065217272	-1.65943E-05	22089.28704	129.1992188	0.255253647	3.281435846	4.331399792	0.065153645	contos
0.067131318	2.9538E-05	22087.79108	129.1992188	0.258973441	2.875429547	4.289148682	0.067065824	contos
0.064427314	-5.53973E-05	22082.91973	172.265625	0.253712273	2.603897749	4.240549484	0.064364459	contos
0.070545709	-0.000185004	22059.55597	172.265625	0.265602125	2.986212727	4.301272303	0.070476884	contos
0.076147004	-0.000198489	22055.43277	301.4648438	0.275946083	2.788564211	4.422514093	0.076072714	contos
0.073483266	-0.000379369	22010.66518	172.265625	0.271456302	2.494776897	4.283256462	0.073411575	contos
0.09095805	1.03013E-05	22091.41827	86.1328125	0.301445595	2.69518531	4.581119577	0.090869311	contos
0.169453339	0.000697537	21968.74203	387.5976563	0.412527164	2.239117961	5.141766628	0.169288019	contos
0.210054686	3.58378E-05	22083.63533	387.5976563	0.458096974	1.747235439	4.803851544	0.209849755	contos
0.129424726	-0.000480158	21962.39213	387.5976563	0.360179079	2.218310675	4.252716339	0.129298458	contos
0.045886237	0.000659876	21877.04134	387.5976563	0.215998113	3.370560073	4.651270049	0.04584147	contos
0.017982063	3.17815E-05	22076.53171	43.06640625	0.134037388	2.811113349	3.646843535	0.017964519	contos
0.007312928	-0.00058492	21605.01279	43.06640625	0.08911701	2.993465192	3.064889384	0.007305793	contos
0.004407269	0.000230113	21774.21491	86.1328125	0.067083454	3.863895227	4.050613993	0.004402969	contos
0.003744802	3.46051E-05	22021.78984	43.06640625	0.061185923	2.338403582	3.600411981	0.003741148	contos
0.006453828	-5.9132E-05	21938.46426	86.1328125	0.080337351	2.050643731	3.144788707	0.006447532	contos
0.004580515	4.70279E-05	21966.79629	43.06640625	0.067679187	3.070977553	3.194025396	0.004576046	contos
0.00045578	0.00024001	21005.49875	0	0.023700723	3.190025221	3.248264927	0.000455336	contos
0.000598645	3.00105E-05	21911.88482	43.06640625	0.024491007	1.941155284	2.689785686	0.000598061	contos
0.000452551	-8.58444E-05	21569.83286	86.1328125	0.021579707	2.253364163	2.351804503	0.000452109	contos
0.000278109	1.99735E-05	21967.07963	86.1328125	0.016691413	2.570637123	2.480952561	0.000277838	contos
0.000492495	-5.85145E-05	21773.6884	86.1328125	0.022322928	2.825736923	2.310824935	0.000492015	contos
0.000615715	3.59424E-05	21907.30699	43.06640625	0.024850124	2.336350482	2.879985888	0.000615114	contos
0.000725095	-8.69779E-05	21668.29891	86.1328125	0.027170559	2.030111308	2.625747002	0.000724387	contos
0.023337266	-0.000183592	22025.27859	430.6640625	0.152887872	9.583969864	3.128936346	0.023314498	contos
0.061743549	0.000166416	22056.59195	473.7304688	0.248464586	3.693538534	4.429251266	0.061683311	contos
0.096479645	0.000144032	22068.0751	3875.976563	0.310525201	2.776223934	4.643960706	0.096385518	contos
0.099642041	0.000121847	22072.79719	473.7304688	0.315549681	2.721887357	4.659316011	0.099544829	contos
0.050331983	0.000136306	22060.77295	4048.242188	0.224313856	4.089308577	4.295638719	0.050282879	contos
0.021863645	-0.000143683	22043.81853	990.5273438	0.147917202	2.938477545	3.921283355	0.021842315	contos
0.026466437	-4.86226E-05	22074.1546	990.5273438	0.162622365	2.55223202	4.042166006	0.026440616	contos
0.031487245	-4.46218E-05	22078.61142	990.5273438	0.177369182	2.742975436	4.090925243	0.031456526	contos
0.035490391	0.00010102	22060.72965	1291.992188	0.18834205	2.984962268	4.300746082	0.035455767	contos
0.03138649	-0.000144802	22040.18434	1248.925781	0.177188773	3.087224566	3.941112032	0.031355869	contos
0.02313806	0.000223473	21994.92905	43.06640625	0.15233875	2.901312078	4.10471217	0.023115486	contos
0.020994669	-0.000188138	21997.59225	43.06640625	0.145057766	3.059775101	3.827930578	0.020974187	contos
0.02578156	4.6793E-05	22068.51574	43.06640625	0.16050082	2.677949413	4.125747406	0.025756407	contos
0.021090173	8.17243E-07	22092.38098	43.06640625	0.145153711	2.523355888	3.916766445	0.021069598	contos
0.013028255	-0.000144731	21988.81238	43.06640625	0.114258434	2.911942408	3.774812785	0.013015545	contos
0.007865619	0.000190924	21942.37659	43.06640625	0.089024142	3.441402633	3.729893841	0.007857945	contos
0.005933988	-2.39429E-05	22070.48199	43.06640625	0.077002252	3.099574286	3.466838161	0.005928198	contos
0.008515346	-0.000143948	21963.63216	43.06640625	0.092436078	2.888440741	3.585399642	0.008507038	contos
0.007937829	3.35024E-05	22056.79984	43.06640625	0.089063023	2.990497125	3.970622459	0.007930085	contos
0.005607055	0.000448944	21598.06081	43.06640625	0.077311286	3.045292941	4.306337071	0.005601585	contos
0.00945799	-0.000152638	21925.61851	172.265625	0.097418215	3.737428709	3.319550902	0.009448763	contos
0.008000347	6.05508E-05	22003.97424	43.06640625	0.089437933	4.368356668	3.334433674	0.007992542	contos
0.002614259	-5.58923E-05	21997.71716	86.1328125	0.051155662	3.640200576	3.012204572	0.002611709	contos
0.007302041	-0.000166515	21834.11461	86.1328125	0.085705269	3.07917133	3.368407035	0.007294917	contos
0.008712742	-8.28434E-05	21917.00225	86.1328125	0.093363795	2.553988784	3.259831854	0.008704242	contos
0.002855371	8.84849E-05	21917.68935	43.06640625	0.053549167	3.661800972	3.098624346	0.002852585	contos
0.003348593	1.195E-05	22056.83618	86.1328125	0.057840969	3.789687507	3.216624479	0.003345326	contos
0.004021185	4.3579E-05	21980.42569	129.1992188	0.063409976	2.900419597	3.259365793	0.004017262	contos
0.001919237	-9.52317E-06	22052.45795	43.06640625	0.043789795	2.070779466	2.784693913	0.001917365	contos
0.000959671	-5.03516E-05	21853.09611	43.06640625	0.03103576	2.689209642	2.444129612	0.000958735	contos
0.001554616	-2.58959E-06	22091.17204	43.06640625	0.039409397	10.67885193	2.507318025	0.001553099	contos
0.005741465	-0.000124478	21887.69206	473.7304688	0.075922004	6.242680854	2.553329925	0.005735863	contos
0.004765795	0.0001048	21935.50661	430.6640625	0.069153417	7.724569279	3.294484744	0.004761145	contos
0.000694057	5.75229E-05	21779.7311	43.06640625	0.026450638	2.315078817	2.927321848	0.00069338	contos
0.000587305	-0.000164092	21133.37922	86.1328125	0.025233024	2.145701518	2.120915339	0.000586732	contos
0.000441529	7.7104E-05	21606.62293	43.06640625	0.021262905	2.377510797	2.823494048	0.000441099	contos
0.000348777	0.000147307	21086.85805	43.06640625	0.019709316	2.764663261	3.005987281	0.000348437	contos
0.000146434	-0.000124841	21156.00596	0	0.01324227	2.476962258	1.534869928	0.000146291	contos
0.000261436	-9.3564E-06	22025.59116	43.06640625	0.016166405	3.410296973	2.113133207	0.000261181	contos
0.000281257	1.63464E-05	21983.83782	43.06640625	0.016776224	3.107260716	2.250337866	0.000280982	contos
0.000152868	-9.85861E-07	22087.3317	301.4648438	0.012358007	2.860282997	2.093157144	0.000152719	contos
0.000128267	-1.99006E-06	22073.425	43.06640625	0.011320391	2.588843222	2.001788748	0.000128142	contos
0.000127613	-4.65359E-05	21755.62423	86.1328125	0.011466234	2.552528926	1.781636607	0.000127488	contos
0.000123187	3.62907E-05	21809.53483	43.06640625	0.011204087	2.578772846	2.239150132	0.000123067	contos
0.00016148	-8.2034E-06	22034.63057	43.06640625	0.012706186	3.081960915	2.097651889	0.000161323	contos
0.000178559	-2.41239E-06	22077.37309	43.06640625	0.013356419	2.804102976	2.088059157	0.000178385	contos
0.000204688	4.88179E-05	21741.36729	43.06640625	0.014456544	2.630434096	2.330924839	0.000204488	contos
0.000206493	-2.61234E-05	21902.18189	43.06640625	0.014407101	2.694579262	2.004520352	0.000206291	contos
0.000149004	-2.89291E-05	21889.51449	86.1328125	0.012263485	2.516085914	1.988277481	0.000148858	contos
0.00017887	3.72697E-06	22065.17109	215.3320313	0.013368615	2.701302357	2.267588448	0.000178695	contos
0.000159461	-2.19058E-05	21933.66267	86.1328125	0.012657225	2.886798762	2.014834497	0.000159305	contos
0.000194459	2.9693E-06	22073.77203	86.1328125	0.013938533	2.471383896	2.236726212	0.000194269	contos
0.000246091	5.80615E-05	21675.6803	43.06640625	0.015878313	2.397060806	2.637085093	0.00024585	contos
0.000211749	5.0933E-05	21733.21038	86.1328125	0.01470753	2.512249663	2.493130704	0.000211543	contos
0.000185107	-2.07789E-05	21924.89895	86.1328125	0.013627647	2.416973309	2.071241044	0.000184926	contos
0.000167453	-3.97844E-05	21818.7608	129.1992188	0.013044193	3.027982762	1.947554263	0.000167289	contos
0.000157139	-1.87252E-05	21950.84829	86.1328125	0.012555197	3.305071623	1.953116674	0.000156985	contos
0.000121981	-1.18947E-05	22008.22384	86.1328125	0.011050116	3.561362193	1.889513713	0.000121862	contos
9.54342E-05	1.98139E-05	21925.09661	43.06640625	0.009802045	2.679453126	1.958743324	9.53411E-05	contos
0.000174724	2.84479E-07	22091.37959	86.1328125	0.013211858	3.470452064	2.114088859	0.000174553	contos
0.000238052	3.65182E-05	21836.45466	43.06640625	0.015502985	2.600044965	2.346790006	0.000237819	contos
0.000194055	-2.34707E-05	21908.45992	43.06640625	0.013960745	2.90183111	1.887383063	0.000193865	contos
0.000126204	-2.87361E-05	21876.06233	43.06640625	0.011295133	2.65964262	1.876096624	0.00012608	contos
0.000109774	1.27243E-05	22003.26928	43.06640625	0.010486382	2.294164601	2.076648999	0.000109667	contos
0.00020032	-7.47202E-05	21630.90557	86.1328125	0.014509205	2.894783764	1.896442355	0.000200125	contos
0.000302992	6.08719E-05	21717.83209	86.1328125	0.017592836	2.441393499	2.666316146	0.000302696	contos
0.000232009	4.20071E-05	21817.74004	43.06640625	0.01532998	2.982094902	2.495904997	0.000231783	contos
0.000145761	-4.61493E-05	21709.00702	43.06640625	0.012232514	2.439442964	1.880075006	0.000145619	contos
0.000120796	-4.80642E-05	21684.35194	86.1328125	0.011177335	2.483561002	1.77697169	0.000120678	contos
0.00065172	7.71788E-05	21871.4301	43.06640625	0.025721454	14.12308711	2.713676813	0.000651084	contos
0.001533368	4.45264E-05	21952.92545	516.796875	0.039187016	6.62408126	3.128384894	0.001531873	contos
0.001008453	-8.26274E-05	21877.45482	215.3320313	0.031946498	9.15202083	2.275213724	0.00100747	contos
0.000138055	2.84825E-05	21906.4874	258.3984375	0.011808283	2.579268518	2.170885475	0.000137921	contos
0.000137108	4.85257E-05	21721.59419	86.1328125	0.011890128	2.593446103	2.330502974	0.000136974	contos
0.000174154	-6.52433E-05	21645.8148	43.06640625	0.013486987	2.761405945	1.874100603	0.000173984	contos
0.000201881	-4.22666E-05	21794.54345	43.06640625	0.01431702	2.395510775	2.020979501	0.000201684	contos
0.000175872	6.82301E-05	21601.22786	172.265625	0.013576756	2.273434477	2.485322852	0.000175701	contos
0.000180008	-8.71007E-06	22033.94848	43.06640625	0.013415094	2.471313915	2.219161346	0.000179832	contos
0.000169749	-1.81834E-05	21972.96931	43.06640625	0.013046918	2.725803973	2.129164086	0.000169584	contos
0.000208614	3.82287E-05	21860.57146	43.06640625	0.014530745	2.911978208	2.390409951	0.000208411	contos
0.000183292	1.04626E-05	22023.66609	86.1328125	0.013538969	3.223779036	2.161983733	0.000183114	contos
9.24297E-05	-7.23613E-05	21511.13175	0	0.010101086	2.316649434	1.52839778	9.23395E-05	contos
0.000307192	-1.11957E-05	22019.62162	86.1328125	0.017525399	2.370352707	2.251414257	0.000306892	contos
0.000311886	3.47352E-05	21846.2622	43.06640625	0.017715413	2.476618877	2.548220865	0.000311582	contos
0.000228169	4.9968E-06	22064.85551	129.1992188	0.01509936	2.829319815	2.315209102	0.000227947	contos
0.00039004	9.0153E-07	22087.11668	86.1328125	0.019739842	2.356416303	2.345881567	0.00038966	contos
0.000295612	-4.45797E-06	22066.48593	43.06640625	0.017185817	2.98808515	2.258429298	0.000295324	contos
0.000154291	3.66312E-05	21817.55461	43.06640625	0.012514073	2.830826088	2.293184452	0.000154141	contos
0.000143494	-2.14111E-05	21944.71221	129.1992188	0.012007021	3.393652367	1.912480047	0.000143354	contos
0.000156512	-1.72223E-05	21971.18485	43.06640625	0.012527063	2.227016993	1.974254724	0.00015636	contos
0.000457118	1.29881E-05	22052.1201	86.1328125	0.021377482	18.10674742	2.329130327	0.000456672	contos
0.000399245	1.65573E-05	22041.17716	301.4648438	0.019983599	23.5247673	2.207021778	0.000398856	contos
8.50758E-05	-1.66547E-05	21963.14864	129.1992188	0.00924666	2.883267375	1.771488624	8.49928E-05	contos
0.000157926	-3.23405E-05	21864.386	43.06640625	0.012638621	2.91272218	1.965746213	0.000157772	contos
0.00017552	4.24998E-05	21806.35728	43.06640625	0.013367245	2.827937291	2.399135845	0.000175348	contos
0.000157537	-6.59789E-06	22051.7414	43.06640625	0.012548583	3.021174275	2.092830857	0.000157383	contos
0.000144129	-7.93362E-06	22040.19989	86.1328125	0.012004602	3.293395221	2.036371325	0.000143988	contos
0.000217545	6.65505E-05	21696.88079	43.06640625	0.015016647	2.59241843	2.497993806	0.000217332	contos
0.000263091	-2.36756E-05	21961.23854	86.1328125	0.016243852	2.562357282	2.184294616	0.000262835	contos
0.000197792	-2.40596E-05	21973.65802	43.06640625	0.014096055	4.874384077	2.144524263	0.000197599	contos
0.000216633	-9.1437E-06	22052.02502	86.1328125	0.014716278	4.791629455	2.206064996	0.000216422	contos
0.000214365	2.63554E-05	21941.67402	86.1328125	0.014676786	2.579194075	2.33928573	0.000214155	contos
0.000178617	-2.94202E-05	21902.82434	43.06640625	0.013418004	2.797891511	1.979729339	0.000178443	contos
0.000168054	-2.52593E-05	21932.87588	43.06640625	0.013002726	2.802594841	1.947129638	0.00016789	contos
0.000211423	0.000108883	21479.83626	0	0.015269742	3.898440083	2.690423143	0.000211217	contos
0.000198532	-7.8478E-05	21640.45622	172.265625	0.014482084	3.475580065	1.754925068	0.000198338	contos
0.000171411	-3.5137E-05	21852.21747	43.06640625	0.013172083	2.739240426	1.843091478	0.000171243	contos
0.000165302	0.000130421	21122.69904	0	0.014020699	2.100146793	2.688260288	0.00016514	contos
0.000265543	-0.000114245	21310.04031	43.06640625	0.017007049	2.187770458	1.946054392	0.000265284	contos
0.000490082	-7.73214E-05	21651.83747	43.06640625	0.022378642	2.693004902	2.110033994	0.000489604	contos
0.001264367	9.8643E-05	21786.25547	473.7304688	0.035792917	5.191115749	3.026522054	0.001263134	contos
0.001055494	-1.1063E-06	22088.42079	473.7304688	0.032472572	6.937582824	2.54439854	0.001054464	contos
0.000244703	1.37491E-05	22016.51344	129.1992188	0.015646212	2.101740148	2.386096731	0.000244464	contos
0.000223379	-6.64837E-05	21676.15854	86.1328125	0.015207356	2.156609942	1.987575834	0.000223161	contos
0.000250015	3.3737E-05	21871.23722	43.06640625	0.01587064	2.993048881	2.331201097	0.000249771	contos
0.000387547	4.30191E-05	21816.79028	43.06640625	0.019765221	2.181329817	2.543328758	0.000387168	contos
0.000305082	-4.87958E-05	21752.25779	43.06640625	0.017584076	2.65439041	2.066878565	0.000304784	contos
0.000177138	-1.79383E-06	22082.24855	129.1992188	0.013302979	2.663918852	2.179328312	0.000176965	sintos
0.000215392	3.79142E-05	21827.41443	86.1328125	0.014758998	2.377256578	2.404050076	0.000215182	sintos
0.000284136	2.56772E-05	21938.53567	129.1992188	0.01688486	2.177542308	2.28950435	0.000283859	sintos
0.000258394	-5.40484E-05	21748.32716	43.06640625	0.016236858	2.459141362	2.186962499	0.000258142	sintos
0.000206459	-2.28449E-05	21924.4203	43.06640625	0.014394189	2.476640689	2.205022596	0.000206258	sintos
0.000192251	2.96969E-05	21888.25086	129.1992188	0.013916965	3.086414942	2.22876518	0.000192064	sintos
0.00020117	-2.53005E-05	21915.2661	86.1328125	0.01421751	3.157943058	2.012907518	0.000200973	sintos
0.000155308	1.78818E-05	21966.9564	43.06640625	0.012480247	2.588619188	2.201119664	0.000155156	sintos
9.26814E-05	6.28903E-05	21628.78604	43.06640625	0.009997762	2.895873504	2.232662289	9.2591E-05	sintos
0.000157526	-6.3049E-05	21646.86163	129.1992188	0.012835681	2.448750633	1.871413311	0.000157372	sintos
0.000275393	-3.5173E-05	21862.41982	172.265625	0.016655374	2.224917626	2.358305296	0.000275124	sintos
0.000193344	7.13438E-05	21604.48586	43.06640625	0.014233634	3.949096484	2.579172909	0.000193156	sintos
0.000720243	7.17722E-05	21702.86858	86.1328125	0.027004292	2.992563208	2.977445668	0.000719541	sintos
0.000964683	-7.42592E-05	21674.108	43.06640625	0.03120788	2.012992617	2.46897572	0.000963741	sintos
0.000418072	-5.61445E-05	21815.28536	43.06640625	0.020578047	2.290328839	2.236011666	0.000417665	sintos
0.000482591	0.000153909	21145.24569	86.1328125	0.022934951	2.767045885	3.068710952	0.00048212	sintos
0.000641514	-3.57808E-05	21884.52138	43.06640625	0.025363598	2.203427313	2.517712135	0.000640888	sintos
0.000311809	-0.000154037	21068.1643	43.06640625	0.018850416	2.406865894	1.892167562	0.000311505	sintos
0.000289922	3.86152E-05	21804.40196	86.1328125	0.017098952	2.484456121	2.567013559	0.000289639	sintos
0.000225328	2.18784E-05	21927.39859	86.1328125	0.015033332	3.132591637	2.196767397	0.000225109	sintos
0.000165776	-1.68151E-05	21988.19297	86.1328125	0.01288858	3.1863797	2.05025583	0.000165614	sintos
0.000297698	-2.28726E-05	21944.58745	86.1328125	0.017274165	2.215524237	2.26075581	0.000297407	sintos
0.000286416	6.74113E-05	21628.59182	43.06640625	0.017166547	2.283206779	2.630982287	0.000286137	sintos
0.000197118	3.96385E-05	21824.40444	43.06640625	0.014134413	2.289050726	2.448270505	0.000196925	sintos
0.00014736	-7.7364E-05	21481.18731	86.1328125	0.01257919	2.328608457	1.690843732	0.000147216	sintos
0.000157763	-3.39626E-05	21821.02074	86.1328125	0.012638626	2.453706691	1.983202916	0.000157609	sintos
0.000164973	5.92251E-05	21635.80335	129.1992188	0.013090067	2.765291705	2.414378871	0.000164812	sintos
0.00023811	6.70273E-06	22042.00308	43.06640625	0.015426274	2.598369161	2.298257083	0.000237878	sintos
0.000209692	-4.92963E-06	22056.95114	43.06640625	0.014475204	3.059738809	2.239156593	0.000209488	sintos
0.000226683	1.08214E-05	22031.5656	86.1328125	0.015055707	3.960153052	2.256164347	0.000226462	sintos
0.000295104	-3.73359E-05	21868.77147	86.1328125	0.017243801	2.927662738	2.114672534	0.000294816	sintos
0.000353966	1.47371E-05	22022.25649	129.1992188	0.018815452	2.205365884	2.454405327	0.000353621	sintos
0.000491645	-4.52982E-05	21884.95911	129.1992188	0.022247686	1.954892094	2.499031892	0.000491165	sintos
0.000524836	8.829E-05	21604.889	43.06640625	0.023214703	2.172384348	2.831409605	0.000524324	sintos
0.000459112	5.67358E-05	21786.85142	43.06640625	0.021554122	1.728241165	2.764348072	0.000458664	sintos
0.00265691	-8.70173E-05	21897.60006	732.1289063	0.051655758	9.555082456	2.746284579	0.002654318	sintos
0.002877026	2.93665E-05	22028.76518	86.1328125	0.053626654	8.287975776	3.107081938	0.002874219	sintos
0.000502685	2.25633E-05	21960.3113	86.1328125	0.022430922	3.02587339	2.518673135	0.000502195	sintos
0.000177941	-4.73015E-05	21708.81738	86.1328125	0.013487812	2.908543819	1.93885293	0.000177767	sintos
0.000345016	-4.7966E-05	21785.33985	129.1992188	0.01867971	2.345112439	2.273871411	0.000344679	sintos
0.000461864	2.54405E-05	21938.74146	43.06640625	0.021508274	1.669513833	2.572482758	0.000461413	sintos
0.000265591	5.78767E-05	21758.69652	129.1992188	0.016478395	2.240498305	2.471248338	0.000265332	sintos
