variance	energy	centroid	frequency	c5	c6	c7	c8	c9	c10	target
11.5873	222.6272	1297.895	3.445475	0.5005855	0.2979927	4.872074	-0.000494463	736.3	334.27783	sintos
34.80726	239.7474	1574.507	3.593061	0.560515	0.3486572	6.615674	-0.000551713	566.14	129.46493	sintos
58.02721	293.2885	1999.366	3.54132	0.4702705	0.4516958	7.137479	-0.00034146	920.14	435.96384	sintos
81.24717	269.4228	1514.205	3.622071	0.5093166	0.3647361	5.393198	-0.000572126	695.57	249.93684	sintos
104.46712	230.8652	1569.098	3.44284	0.5009301	0.4035192	4.499886	-0.000411665	807.41	252.69056	contos
127.68707	226.3671	1825.056	3.382216	0.5045944	0.4505135	6.745457	-0.000299704	601.03	410.63285	contos
150.90703	158.45697	1825.056	3.316933	0.5026296	0.3708747	4.872074	-0.000551713	695.57	334.27783	contos
174.12698	110.919879	1574.507	3.179691	0.4431165	0.4886814	6.615674	-0.00034146	807.41	316.77948	contos
197.34694	77.6439153	1576.4	3.217051	0.4280896	0.3725672	7.137479	-0.000572126	601.03	435.96384	contos
220.56689	232.1887	2945.489	3.627806	0.3716482	0.5180536	9.280861	-0.000284577	493.74	144.18301	contos
243.78685	266.8483	3293.953	5.132127	0.3826559	0.4477203	7.222134	-0.001726842	414.03	145.74281	contos
267.0068	250.7014	3665.681	5.206502	0.3016734	0.5755957	5.662452	-0.001375057	438.71	316.77948	contos
290.22676	197.3979	4229.889	5.05306	0.1666886	0.5646113	12.831265	-0.000477073	757.08	413.42543	contos
313.44671	197.7285	4487.53	5.022778	0.1124463	0.5104435	16.862205	-0.000351107	2147.35	87.5544	contos
336.66667	229.1153	4595.891	5.120461	0.1570751	0.5237421	11.452275	-0.000520083	543.59	560.94039	contos
359.88662	200.4072	4658.762	5.086065	0.1589175	0.48723	12.754533	-0.000384804	2163.33	80.83237	contos
383.10658	181.7334	4405.981	4.950936	0.2177472	0.5126668	11.627551	-0.000451413	693.33	391.96164	contos
406.32653	188.6788	4029.403	4.740187	0.1358054	0.5387429	14.385395	-0.000483751	618	445.52018	contos
429.54649	216.2361	2870.934	4.533263	0.3955162	0.4306074	4.115869	-0.001013845	337.67	209.55517	contos
452.76644	222.3679	1742.493	4.516132	0.5198671	0.2499042	9.092865	-0.00160312	482.11	48.09895	contos
475.98639	225.7455	1975.809	4.295906	0.3673689	0.3869947	6.66596	-0.000958286	511.91	123.6236	contos
11.5873	223.7567	4318.423	4.42364	0.06285471	0.5797539	12.879058	-0.000278008	980.52	121.29434	contos
34.80726	235.7627	3922.762	4.430218	0.10886943	0.5835296	14.493374	-0.000391488	957.49	74.18226	contos
58.02721	262.7873	3466.268	4.344295	0.06771391	0.5192856	10.418626	-0.000570565	819.17	164.96671	contos
81.24717	230.2569	3119.237	4.166169	0.13347963	0.5460532	9.970543	-0.000525014	654.22	113.99928	contos
127.68707	234.0266	1709.243	4.491206	0.32837846	0.2281104	5.590991	-0.002609696	471.43	88.12534	contos
243.78685	219.3148	3556.593	4.829428	0.51214086	0.576125	6.287974	-0.001222472	350.23	508.78794	contos
267.0068	203.4603	2951.492	4.767874	0.55142534	0.4841104	7.644725	-0.001777967	407	212.18389	contos
290.22676	205.756	3464.961	4.363105	0.36246923	0.4734766	8.09347	-0.000649087	449.89	430.72089	contos
313.44671	196.1672	3529.298	4.378642	0.41004241	0.4908808	9.636691	-0.000545082	502.92	444.73594	contos
336.66667	194.0578	3792.765	4.334189	0.28350123	0.577577	11.920181	-0.000311002	720.73	498.37879	contos
359.88662	176.1541	3198.652	4.320792	0.31014034	0.5212815	11.816573	-0.000572464	602.77	144.24207	contos
383.10658	150.5512	2638.281	3.90902	0.27940424	0.4832422	11.555714	-0.000528566	613.63	105.2253	contos
406.32653	143.2761	1818.476	3.715989	0.16381059	0.3798536	12.395138	-0.000633724	611.94	59.73191	contos
429.54649	138.751	1672.897	3.512767	0.18104373	0.3553729	9.219964	-0.000532122	509.05	250.59231	contos
127.68707	270.5053	3897.747	5.349784	0.302149504	0.52423356	9.3152	-0.001426412	421.4	363.13613	contos
150.90703	229.9604	4073.394	5.360482	0.374040289	0.55834815	8.579542	-0.001356973	433.92	516.20273	contos
174.12698	219.3712	4574.362	5.302757	0.311608466	0.60564358	14.131965	-0.000703268	2211.46	73.04736	contos
197.34694	202.4459	4480.986	5.426409	0.200526192	0.63717347	13.788388	-0.000935097	591.86	529.74936	contos
220.56689	152.4467	4722.645	5.325578	0.16990973	0.57780677	11.322025	-0.000595125	1893.92	329.1519	contos
243.78685	136.424	4855.734	5.229275	0.246259062	0.52697252	12.529081	-0.000412408	1945.27	126.06944	contos
267.0068	145.8346	4541.766	5.245162	0.342668839	0.54661689	12.067363	-0.000648349	1872.46	72.15245	contos
290.22676	173.1033	4568.23	5.100342	0.219278132	0.50096578	13.764105	-0.000460877	786.87	574.65487	contos
313.44671	192.5325	4010.519	4.760652	-0.040891878	0.50941471	8.730943	-0.000589036	1764.91	74.24098	contos
336.66667	220.8034	2500.675	4.735784	0.46833276	0.32531369	3.387793	-0.001845091	354.83	106.14184	contos
359.88662	225.9598	2155.891	4.68128	0.459135946	0.38967495	8.132914	-0.001375485	488.41	80.25282	contos
383.10658	227.068	3001.137	4.307108	0.306828176	0.51662361	6.461196	-0.000387127	452.06	194.30843	contos
406.32653	176.1541	2638.281	3.627686	0.232334996	0.41375902	8.579542	-0.000703268	591.86	106.14184	contos
429.54649	150.5512	1818.476	3.467796	0.284116896	0.49330071	14.131965	-0.000460877	786.87	516.20273	contos
452.76644	143.2761	3394.471	5.056842	0.257250749	0.51097765	13.788388	-0.001587763	405.56	126.8999	contos
475.98639	138.751	4500.653	5.288931	0.508280177	0.4726895	11.322025	-0.001054582	384.53	472.74098	contos
11.5873	448.465	1338.531	4.39062	0.15605037	0.2394518	0.6169181	-0.002878097	531.12	129.74051	contos
34.80726	412.4345	1427.088	4.311089	0.37965389	0.3171457	5.5644221	-0.00271209	583.21	74.91865	contos
58.02721	428.4569	1428.786	4.049405	0.38610731	0.3363753	0.9550614	-0.001852008	522.01	226.93422	contos
81.24717	440.1304	2116.818	3.888556	0.27695183	0.4704952	5.0919913	-0.000919465	873.6	166.13769	contos
104.46712	374.4326	1955.594	4.011072	0.09478597	0.3807596	6.9796545	-0.001299959	825.98	535.64612	contos
127.68707	395.4572	1773.152	3.99927	0.1824944	0.4066018	5.7225839	-0.001371948	1312.87	254.97989	contos
150.90703	395.4572	1922.743	4.204558	0.12045155	0.4020757	4.3572186	-0.001474978	585.63	391.75634	contos
174.12698	454.7532	1507.459	4.233996	0.34583494	0.3200656	3.7086204	-0.002391283	575.15	96.24098	contos
197.34694	383.7436	1378.626	4.244283	0.16974706	0.2775958	10.9271834	-0.002704271	568.02	108.77738	contos
220.56689	383.7436	1710.736	4.089071	0.18418526	0.3692497	7.2737501	-0.001466107	635.34	198.12025	contos
243.78685	383.7436	1557.545	3.975511	0.17560344	0.3028949	7.6604404	-0.001590251	597.05	118.34551	contos
267.0068	391.3079	1704.212	3.961513	0.20225867	0.3622099	5.7851926	-0.001325128	820.84	190.94851	contos
290.22676	427.3853	1936.474	4.136671	0.25209387	0.4387765	5.0924909	-0.001477163	812.38	474.80422	contos
313.44671	387.4265	1770.425	4.074465	0.28594809	0.3585025	5.8626356	-0.001416907	616.31	177.1618	contos
336.66667	393.4005	1910.48	3.887699	0.38465134	0.4651525	7.0285646	-0.00103649	601.85	130.11037	contos
359.88662	314.2627	2054.16	4.086431	0.40847348	0.5095787	9.8426123	-0.0013165	608.19	210.58082	contos
383.10658	204.3326	2413.21	4.089969	0.17023501	0.5793084	16.262543	-0.000921098	806	143.12074	contos
406.32653	175.5835	2349.134	4.06756	0.22617939	0.5797697	15.9391105	-0.000894794	783.39	187.65243	contos
429.54649	176.3119	2112.858	3.940222	0.34097389	0.5275332	15.7182631	-0.000921958	885.17	209.86323	contos
452.76644	208.9416	2186.459	3.85851	0.28524423	0.5232586	17.2413691	-0.000877596	813.41	219.85107	contos
475.98639	208.9416	2272.827	3.940556	0.36813035	0.5575526	15.2797014	-0.00085627	770.14	331.97684	contos
34.80726	224.9547	2438.649	3.764884	0.241472516	0.5954413	11.679163	-0.000365556	2185.14	187.99519	contos
174.12698	354.3029	3406.27	5.289413	0.208625941	0.5832904	6.391742	-0.001802381	1528.34	310.77462	contos
267.0068	232.3342	4418.242	5.276754	0.241970275	0.5956001	13.231764	-0.000176451	1138.59	557.42733	contos
290.22676	232.3342	4264.039	5.253747	0.225134679	0.6912031	13.549613	-0.000248857	1123.17	547.69851	contos
313.44671	198.4096	4295.808	5.057649	0.220502468	0.5862287	13.289836	8.52735E-05	1225.14	352.17061	contos
336.66667	219.1059	4598.63	5.026611	0.238494895	0.7001926	14.103854	0.00033483	1051.48	442.69851	contos
359.88662	233.4668	3477.278	4.777893	0.134085169	0.6022885	10.533386	-0.000587745	1574.86	177.05747	contos
383.10658	235.3163	2117.725	4.785297	0.323624329	0.391426	6.12717	-0.001818812	453.72	53.46054	contos
406.32653	239.9501	2843.451	4.800347	0.298100442	0.5199545	10.306506	-0.000934262	468.63	101.24149	contos
429.54649	290.4792	2410.012	4.099195	0.347304528	0.5257133	5.652703	-0.000355152	432.38	532.06781	contos
475.98639	225.8039	3324.085	3.531527	0.002245259	0.583835	12.437647	-0.000227054	500.09	235.52832	contos
11.5873	148.6312	2597.443	4.003115	0.30843156	0.5755508	7.457974	-0.000722743	2428.32	470.5371	contos
34.80726	169.7314	2855.036	3.897008	0.33787921	0.5901839	9.434294	-0.000552237	450.8	480.8183	contos
58.02721	186.3967	3938.376	4.774272	0.38632079	0.5467365	8.392038	-0.00111013	372.13	294.3972	contos
197.34694	300.1996	4420.798	5.069003	-0.054130262	0.4956053	14.404928	-0.000519443	1048.19	127.02336	contos
220.56689	246.8696	4150.889	4.778678	-0.079680535	0.46649833	15.087604	-0.000549071	1037.85	350.02366	contos
243.78685	218.4471	4395.087	4.670484	0.008985634	0.56059728	13.958061	-0.00019706	1016.37	267.97061	contos
452.76644	226.7357	3350.37	3.627052	0.315562816	0.52260976	6.190233	-0.000266285	565.48	326.29894	contos
475.98639	226.5017	2905.503	4.628867	0.403656956	0.48661107	12.461245	-0.000949632	521.38	63.815	contos
11.5873	448.465	1338.531	4.39062	0.15605037	0.2394518	0.6169181	-0.002878097	531.12	129.74051	contos
34.80726	412.4345	1427.088	4.311089	0.37965389	0.3171457	5.5644221	-0.00271209	583.21	74.91865	contos
58.02721	428.4569	1428.786	4.049405	0.38610731	0.3363753	0.9550614	-0.001852008	522.01	226.93422	contos
81.24717	440.1304	2116.818	3.888556	0.27695183	0.4704952	5.0919913	-0.000919465	873.6	166.13769	contos
104.46712	374.4326	1955.594	4.011072	0.09478597	0.3807596	6.9796545	-0.001299959	825.98	535.64612	contos
127.68707	395.4572	1773.152	3.99927	0.1824944	0.4066018	5.7225839	-0.001371948	1312.87	254.97989	contos
150.90703	395.4572	1922.743	4.204558	0.12045155	0.4020757	4.3572186	-0.001474978	585.63	391.75634	contos
174.12698	454.7532	1507.459	4.233996	0.34583494	0.3200656	3.7086204	-0.002391283	575.15	96.24098	contos
197.34694	383.7436	1378.626	4.244283	0.16974706	0.2775958	10.9271834	-0.002704271	568.02	108.77738	contos
220.56689	383.7436	1710.736	4.089071	0.18418526	0.3692497	7.2737501	-0.001466107	635.34	198.12025	contos
243.78685	383.7436	1557.545	3.975511	0.17560344	0.3028949	7.6604404	-0.001590251	597.05	118.34551	contos
267.0068	391.3079	1704.212	3.961513	0.20225867	0.3622099	5.7851926	-0.001325128	820.84	190.94851	contos
290.22676	427.3853	1936.474	4.136671	0.25209387	0.4387765	5.0924909	-0.001477163	812.38	474.80422	contos
313.44671	387.4265	1770.425	4.074465	0.28594809	0.3585025	5.8626356	-0.001416907	616.31	177.1618	contos
336.66667	393.4005	1910.48	3.887699	0.38465134	0.4651525	7.0285646	-0.00103649	601.85	130.11037	contos
359.88662	314.2627	2054.16	4.086431	0.40847348	0.5095787	9.8426123	-0.0013165	608.19	210.58082	contos
383.10658	204.3326	2413.21	4.089969	0.17023501	0.5793084	16.262543	-0.000921098	806	143.12074	contos
406.32653	175.5835	2349.134	4.06756	0.22617939	0.5797697	15.9391105	-0.000894794	783.39	187.65243	contos
429.54649	176.3119	2112.858	3.940222	0.34097389	0.5275332	15.7182631	-0.000921958	885.17	209.86323	contos
452.76644	208.9416	2186.459	3.85851	0.28524423	0.5232586	17.2413691	-0.000877596	813.41	219.85107	contos
475.98639	208.9416	2272.827	3.940556	0.36813035	0.5575526	15.2797014	-0.00085627	770.14	331.97684	contos
150.90703	226.2997	986.6513	3.03881	0.5683675	0.1918543	3.868978	-0.001824277	415.73	417.5209	sintos
174.12698	226.7961	1039.9906	3.057646	0.53094	0.2147977	2.221829	-0.001864439	375.55	390.8529	sintos
197.34694	226.5329	1058.677	3.221009	0.5698403	0.2075053	1.84738	-0.00215389	742.15	329.5444	sintos
220.56689	230.1141	1000.8431	3.260562	0.607504	0.2181193	4.087407	-0.002360999	414.19	202.2205	sintos
243.78685	270.4941	1093.6306	3.313941	0.3753383	0.1860077	3.541409	-0.002616035	452.36	266.1648	sintos
267.0068	311.1635	1428.5206	3.21768	0.3975425	0.2721989	3.925254	-0.001535742	529.23	215.8722	sintos
290.22676	309.5361	1129.81	3.156843	0.4606789	0.2223747	1.813031	-0.001827078	926.59	243.8751	sintos
313.44671	275.2226	1061.1251	3.185611	0.3916503	0.2123282	5.708389	-0.001856133	551.07	207.8585	sintos
336.66667	260.309	1236.8815	3.341653	0.4539125	0.2315668	2.445085	-0.002157368	613.88	325.648	sintos
359.88662	226.3515	1652.9426	3.550599	0.5138065	0.3049628	10.15723	-0.00203292	593.19	188.9106	sintos
383.10658	225.0561	1772.2215	3.582387	0.4615287	0.3658664	5.189592	-0.0019286	824.27	372.1229	sintos
406.32653	227.2775	1609.3614	3.530741	0.5110878	0.3217078	6.394444	-0.00200038	618.57	189.3582	sintos
429.54649	227.7449	1650.5178	3.492999	0.4301523	0.3571845	7.805608	-0.001858843	715.88	277.0033	sintos
452.76644	227.9432	1752.4676	3.436938	0.4595736	0.3969047	8.619418	-0.001568655	783.72	118.0426	sintos
475.98639	223.692	1411.7146	3.407211	0.5494546	0.3011392	4.476417	-0.002043618	525.41	377.1587	sintos
34.80726	225.132	2548.41	4.09511	0.16985007	0.3861884	9.02432	-0.001813871	555.44	179.03651	sintos
58.02721	204.7349	2329.501	4.056784	0.13017861	0.3423432	7.52509	-0.00195037	581.16	208.43068	sintos
81.24717	197.5095	1871.515	3.845823	0.11741518	0.3663909	7.732362	-0.001914624	866.88	450.41666	sintos
174.12698	222.2528	1709.717	3.653971	0.18935336	0.3021427	9.163243	-0.001807033	698.69	241.17876	sintos
243.78685	226.5039	2550.503	3.878616	-0.01454038	0.3813318	10.569335	-0.001393211	881.86	170.62523	sintos
267.0068	205.48	2099.241	4.049812	0.12638053	0.3062002	11.181032	-0.002535685	616.81	109.37266	sintos
290.22676	201.4943	1792.208	4.030154	0.20176257	0.3011476	9.038715	-0.002927922	602.98	31.88469	sintos
313.44671	211.2603	1657.59	3.918446	0.16632958	0.3010411	8.421526	-0.00256806	601.97	50.73364	sintos
336.66667	223.4202	2814.837	4.178469	0.08560368	0.3616703	12.356137	-0.002257086	612.88	79.72192	sintos
359.88662	202.6175	3106.059	4.403467	0.08257305	0.4176107	12.522022	-0.002251022	638.12	160.49151	sintos
383.10658	189.5737	2168.279	4.207476	0.10924203	0.3812352	10.742325	-0.002162096	622.91	124.74884	sintos
406.32653	199.3212	1877.744	4.064087	0.10492951	0.360268	8.683214	-0.002366061	579.41	288.5989	sintos
429.54649	207.9786	1879.479	4.012587	0.12491685	0.4001944	10.452454	-0.002107792	3474.09	586.91782	sintos
452.76644	202.8643	1728.984	3.796774	0.20797276	0.3812535	7.080576	-0.001845173	632.25	411.83352	sintos
475.98639	213.4107	1941.258	3.71742	0.15381484	0.400205	6.49939	-0.001583366	1791.48	198.72335	sintos
11.5873	195.3849	1605.158	3.632766	0.216108392	0.3113671	6.682398	-0.002536556	515.71	147.97817	sintos
34.80726	187.5581	1597.79	3.34912	0.412502162	0.3013596	8.407677	-0.0020171	660.95	273.79878	sintos
58.02721	185.0235	1281.938	3.309198	0.35298879	0.2319469	7.989687	-0.002417819	495.7	473.35775	sintos
81.24717	183.9707	1320.496	3.229435	0.43916788	0.2168348	6.056659	-0.002526942	551.13	66.61387	sintos
104.46712	182.4788	1506.475	3.235201	0.369004401	0.2580022	4.938817	-0.001874614	445.44	313.58703	sintos
127.68707	183.1166	1227.637	3.231497	0.382213524	0.2148948	3.80831	-0.002666771	431.12	263.15048	sintos
150.90703	183.227	1159.145	3.247393	0.357581368	0.2237111	7.425036	-0.002559149	462.68	187.97187	sintos
174.12698	180.4098	1279.892	3.165151	0.393643109	0.2289187	11.317986	-0.002147587	534.92	148.41186	sintos
197.34694	181.9393	1111.406	3.181164	0.329185808	0.2041062	5.413093	-0.002426179	464.32	305.12918	sintos
220.56689	182.0733	1317.456	3.265809	0.319128728	0.2333894	8.200369	-0.002237212	564.13	264.22401	sintos
243.78685	179.5578	1288.558	3.283645	0.343748545	0.239352	8.814661	-0.002280079	775.06	133.64936	sintos
267.0068	182.3297	1272.249	3.24244	0.377259313	0.22788	6.995141	-0.002545588	542.17	155.11059	sintos
290.22676	171.6581	1325.373	3.355013	0.246053358	0.2116627	8.341492	-0.002749974	803.7	289.60381	sintos
313.44671	172.5374	1592.493	3.569045	0.362284447	0.2967291	10.116643	-0.002762225	768.65	137.1133	sintos
336.66667	204.0239	2478.977	3.993642	0.114263686	0.316138	10.388268	-0.002343354	742.63	110.49266	sintos
406.32653	231.7646	3647.531	4.127838	-0.09257953	0.4496649	10.463504	-0.001807379	756.73	94.39835	sintos
475.98639	175.4398	2123.727	3.840779	0.068393568	0.4370902	9.680081	-0.00181913	587.22	164.68076	sintos
34.80726	204.0928	1713.699	3.768842	0.04712504	0.3510488	10.938689	-0.002164172	522.54	219.222	sintos
58.02721	226.7567	1631.558	3.821822	0.19092778	0.3098402	7.724385	-0.002639713	566.06	281.34843	sintos
81.24717	222.8422	1418.581	3.672025	0.23855943	0.2510676	8.462949	-0.002682752	442.76	93.92852	sintos
104.46712	188.8168	1526.248	3.370419	0.09482136	0.3010814	5.92456	-0.001628153	3864.42	399.79174	sintos
197.34694	218.9623	1533.705	3.501979	0.03782835	0.2411162	7.671503	-0.002461045	444.6	232.35424	sintos
220.56689	189.4631	1484.653	3.468283	0.04705626	0.2200002	9.810334	-0.00235826	492.5	166.36606	sintos
243.78685	200.3886	1507.683	3.725763	0.14372398	0.270681	8.946718	-0.003130302	557.65	209.33452	sintos
267.0068	225.3801	1310.572	3.767653	0.05006388	0.220956	7.150986	-0.003568808	552.49	139.43738	sintos
290.22676	220.9154	1480.816	3.79573	-0.05246466	0.2549681	7.86326	-0.00314947	571.92	76.65971	sintos
313.44671	189.4322	1369.796	3.586671	-0.05053913	0.2154574	7.913861	-0.002331913	472.35	217.25543	sintos
336.66667	182.7148	1319.802	3.441789	0.04058704	0.2286162	7.438915	-0.001973758	423.5	239.11993	sintos
406.32653	183.9005	1917.073	3.623096	0.33138428	0.4852942	8.648386	-0.001591769	560.84	272.76842	sintos
429.54649	183.7903	1979.822	3.781892	0.41217139	0.4963807	9.827964	-0.001829352	518.5	244.52972	sintos
452.76644	182.4177	2076.085	3.73509	0.50539192	0.4810251	8.232368	-0.001637879	527.62	420.29717	sintos
475.98639	182.0476	2139.599	3.724493	0.43157048	0.4943155	8.846905	-0.001513619	749.58	500.75278	sintos
11.5873	227.835	1745.214	3.560228	-0.032849772	0.272572	8.951678	-0.001908545	693.2	451.76791	sintos
34.80726	225.7722	1558.271	3.564625	0.080627091	0.2532773	9.619584	-0.002159108	543.99	208.85323	sintos
243.78685	183.1131	2631.831	3.818375	0.187089581	0.5271876	8.487307	-0.00147037	527.69	247.48706	sintos
267.0068	183.7485	2362.157	4.041908	0.175878624	0.4335199	8.873153	-0.00223489	516.96	256.36431	sintos
290.22676	185.4099	2023.936	4.010105	0.039905145	0.3830329	9.609566	-0.002529385	694.81	229.99711	sintos
313.44671	184.5984	1822.534	3.89073	-0.007359808	0.3399293	13.03461	-0.002426331	656.36	117.92572	sintos
359.88662	179.0968	1458.849	3.402379	0.174906467	0.2654928	19.301222	-0.001819683	532.22	76.91654	sintos
81.24717	268.7224	1332.025	3.283553	0.3456284	0.2389955	3.112332	-0.001685064	547.43	271.8962	sintos
104.46712	268.7224	1389.014	3.265477	0.2052583	0.2441167	6.022982	-0.001611532	507.97	479.9017	sintos
127.68707	296.1654	1358.951	3.375636	0.3441318	0.2692529	2.266475	-0.002035027	454.01	326.6913	sintos
150.90703	256.2366	1668.08	3.705815	0.1183959	0.3386009	6.153032	-0.001899492	705.63	168.9855	sintos
174.12698	226.3589	1630.75	3.749701	0.1372287	0.3387666	7.66708	-0.002367753	863.78	333.4788	sintos
197.34694	194.9469	1993.038	3.789349	0.2514082	0.3997304	13.773403	-0.002116616	891.31	222.24	sintos
220.56689	200.0198	1881.332	3.729568	0.2879577	0.3988345	9.677821	-0.00187149	879.65	337.047	sintos
243.78685	226.1283	1774.901	3.770926	0.3771037	0.4235625	7.758984	-0.002326576	904.14	299.9443	sintos
267.0068	226.5042	1756.009	3.714664	0.3703395	0.4214432	6.581014	-0.002359588	1785.39	549.1979	sintos
290.22676	226.39	1545.635	3.786968	0.4607868	0.3414122	6.700498	-0.003074992	567.07	265.7562	sintos
313.44671	222.1477	1877.108	3.773224	0.3681664	0.3951747	8.405733	-0.002115322	982.3	428.7318	sintos
336.66667	202.8337	1868.138	3.799597	0.4781347	0.36616	9.215235	-0.002339677	569.26	203.1807	sintos
359.88662	198.3719	1890.869	3.754233	0.3129462	0.3870036	9.734017	-0.002060654	600.15	344.4321	sintos
383.10658	200.1798	1995.449	3.750713	0.3749903	0.3976513	8.934542	-0.001982407	933.03	291.2246	sintos
406.32653	220.0883	1726.266	3.786686	0.4193682	0.3580895	6.898086	-0.002703935	503.56	244.1436	sintos
429.54649	225.79	1801.664	3.764819	0.4626875	0.3697601	9.416418	-0.002297671	604.24	160.4418	sintos
452.76644	227.3817	1819.226	3.763174	0.4626658	0.3643585	6.659702	-0.002595388	534.27	262.6518	sintos
475.98639	225.3085	2090.009	3.684338	0.3794318	0.455479	9.539724	-0.001670354	713.48	176.8714	sintos
11.5873	239.3212	1764.589	3.780368	0.2497395	0.2496346	6.163403	-0.00212246	502.28	123.4404	sintos
34.80726	217.4466	1655.708	3.89351	0.09300008	0.2424243	9.23545	-0.002656266	609	263.5889	sintos
58.02721	211.314	2107.951	3.896327	0.1979567	0.3923314	9.338148	-0.001915833	552.21	136.3815	sintos
81.24717	263.6604	1856.018	3.739774	0.2443187	0.3428439	7.966068	-0.0018738	476.63	113.4454	sintos
104.46712	309.5092	1732.194	3.739319	0.2182279	0.2936781	7.065197	-0.002161143	638.4	190.6136	sintos
127.68707	268.1614	1833.83	3.685807	0.2649611	0.3301208	6.45685	-0.001832092	669.92	232.7731	sintos
150.90703	198.3941	1692.917	3.643449	0.2383253	0.3238117	7.805925	-0.001802202	588.52	184.5663	sintos
174.12698	183.3703	1538.959	3.655765	0.3078375	0.3124087	11.738173	-0.002105382	543.91	140.0402	sintos
197.34694	215.0152	1308.386	3.633605	0.2533059	0.2670795	8.356633	-0.002685993	1616.47	390.4364	sintos
220.56689	227.8797	1287.728	3.669951	0.2105442	0.2298537	4.410346	-0.002892538	1108.31	447.4834	sintos
243.78685	193.6395	1559.231	3.691	0.1463281	0.253791	6.268374	-0.002325966	811.53	281.4633	sintos
267.0068	226.7457	1605.267	3.527715	0.06617401	0.2492562	9.001517	-0.001774964	669.46	150.2855	sintos
290.22676	226.7457	1620.304	3.514179	0.1096359	0.2909779	6.882149	-0.001677521	575.4	286.5975	sintos
313.44671	257.4917	2325.246	3.939337	0.05675627	0.3542051	7.199917	-0.001937588	788.31	248.7644	sintos
336.66667	278.949	2042.066	3.877581	9.98801E-06	0.3264964	9.32637	-0.001853557	625.34	249.1619	sintos
383.10658	185.23	1801.999	3.771833	0.04946006	0.2959264	7.098035	-0.001984004	761.54	202.774	sintos
406.32653	183.625	2043.739	3.898244	-0.01129596	0.3313183	7.001084	-0.002054545	740.15	313.1324	sintos
429.54649	183.5174	1820.085	3.832214	0.006595129	0.3108426	8.274776	-0.001998121	653.4	457.1573	sintos
452.76644	183.0526	1706.43	3.74436	0.01745199	0.3113584	11.187616	-0.001904967	670.84	162.0588	sintos
11.5873	245.8248	1313.052	3.576062	-0.01173524	0.2251827	6.751366	-0.002282047	515.8	190.94642	sintos
34.80726	245.8248	1429.99	3.492241	0.044806497	0.2567737	8.945485	-0.002004767	643.37	203.72659	sintos
81.24717	273.7545	1479.842	3.596882	0.019760598	0.2575768	8.753738	-0.001959687	629.91	91.55304	sintos
104.46712	295.8316	1527.909	3.557424	0.011928083	0.2572508	6.833122	-0.001830723	615.78	126.41185	sintos
127.68707	278.4375	2050.989	3.798122	0.007477259	0.3156709	5.393536	-0.001760344	549.19	240.35261	sintos
150.90703	270.1091	1649.121	3.651732	0.179194303	0.3038082	5.756641	-0.001977188	584.84	181.00567	sintos
174.12698	255.247	1701.601	3.558991	0.145547301	0.3349685	5.546758	-0.001699573	541.46	269.4009	sintos
197.34694	205.1389	1484.169	3.629397	0.185320161	0.2574284	4.679132	-0.002340685	412.05	239.26577	sintos
220.56689	187.1145	1681.722	3.536774	0.121209083	0.3045138	10.692948	-0.001835169	580.27	80.38488	sintos
243.78685	191.954	2385.804	3.923732	0.353081885	0.4545809	8.489286	-0.001887223	523.19	186.42306	sintos
267.0068	203.9866	2136.92	3.849492	0.250157255	0.3792443	5.882293	-0.002248435	558.18	288.88423	sintos
290.22676	193.9936	2109.337	3.926281	0.315416199	0.3516616	6.042375	-0.002739713	455.09	313.01447	sintos
313.44671	183.8022	2833.585	3.890054	0.243572179	0.512305	8.909438	-0.001631774	594.76	569.29176	sintos
336.66667	183.1585	2209.472	3.853177	0.254157595	0.4357051	9.600812	-0.001919228	485.26	171.52016	sintos
359.88662	183.4161	1980.033	3.881241	0.241792912	0.3778039	7.377425	-0.00227381	471.14	449.66551	sintos
406.32653	201.7424	2118.758	3.907265	-0.012785133	0.4195855	7.647611	-0.002207118	557.6	501.54589	sintos
429.54649	186.3699	1773.269	3.796688	0.027010657	0.3924041	6.993603	-0.002170259	642.03	471.13121	sintos
452.76644	183.3475	1561.867	3.754489	-0.108030243	0.3087007	7.591757	-0.002462816	747.78	138.30267	sintos
475.98639	183.4214	1560.549	3.970523	-0.121220757	0.2415844	9.607807	-0.003794016	806.04	211.07988	sintos
11.5873	177.7895	1301.022	3.355145	0.05152215	0.2155743	6.762212	-0.002401245	621.64	244.9562	sintos
34.80726	207.2987	1336.738	3.406391	0.35522736	0.2036932	7.649502	-0.002848562	631.79	166.0438	sintos
58.02721	243.3452	1480.457	3.49439	0.22390313	0.2835928	6.488355	-0.002579368	768.37	361.0084	sintos
81.24717	238.9747	1959.222	3.725447	0.22091088	0.392873	8.068172	-0.002235316	657.36	312.1427	sintos
104.46712	287.0504	2381.318	3.893859	0.24404938	0.4185653	5.415615	-0.002179792	651.1	252.4287	sintos
127.68707	322.8187	2255.937	4.024888	0.28153954	0.3576432	5.74206	-0.002964822	637.47	198.2009	sintos
150.90703	324.9421	2543.81	4.108728	0.053858	0.3594779	6.549047	-0.002830117	713.73	329.1665	sintos
174.12698	234.4657	2854.085	3.981201	0.15484703	0.4707254	8.986035	-0.001908103	636.07	416.0224	sintos
197.34694	234.4657	2768.697	3.922779	0.19358932	0.4503095	11.634748	-0.001905173	1169.38	323.8224	sintos
220.56689	234.4657	2037.401	3.830734	0.21205567	0.3596845	10.556682	-0.002643559	633.14	323.3911	sintos
290.22676	308.0939	1756.71	3.453289	0.32241859	0.3409288	3.391079	-0.002201403	540.18	319.1329	sintos
11.5873	193.0884	1744.492	3.923204	-0.11549185	0.3546246	10.414359	-0.000518482	646.95	207.06887	sintos
34.80726	211.6877	3166.109	4.135961	0.10013688	0.4550957	10.637835	-0.000456608	571.39	298.14562	sintos
58.02721	192.9294	1992.668	3.854504	-0.05321159	0.434309	9.327841	-0.000392052	778	223.35069	sintos
81.24717	182.5266	1952.171	3.851934	-0.09035786	0.4037889	10.003334	-0.000393825	907.63	441.7179	sintos
197.34694	204.8718	1598.091	3.651145	0.04649587	0.3225718	9.386221	-0.000418345	722.15	228.69672	sintos
220.56689	204.8718	1632.55	3.652585	0.15989017	0.3364748	11.781861	-0.000411673	726.7	204.13791	sintos
290.22676	183.175	1635.867	3.601054	0.25122881	0.385081	9.012328	-0.00038118	606.42	265.30659	sintos
313.44671	198.0099	2059.111	3.765445	0.37532877	0.49984	10.296309	-0.000396728	711.45	48.40894	sintos
336.66667	222.7045	1764.578	3.680281	0.39446959	0.4098585	6.064481	-0.000449159	678.49	168.90509	sintos
359.88662	211.89	1627.715	3.868724	0.3602738	0.3616931	8.201902	-0.000599863	654.41	228.29887	sintos
383.10658	197.4393	1699.779	3.74823	0.43145255	0.4105523	7.200516	-0.000478112	636.6	212.20013	sintos
406.32653	171.7827	1772.335	3.592217	0.35474305	0.4465317	9.55317	-0.000358426	745.88	224.2824	sintos
429.54649	176.1216	2288.093	3.891193	0.45903485	0.4926272	9.265156	-0.000457758	663.71	182.6824	sintos
452.76644	182.4448	1518.199	3.615074	0.37188127	0.3727925	7.070558	-0.000491004	774.1	211.54523	sintos
475.98639	186.2423	1523.673	3.529883	0.42846052	0.3669333	6.337042	-0.000440326	581.23	286.18251	sintos
