variance	energy	centroid	frequency	c5	c6	c7	c8	c9	c10	target
0.05099876	225.3478004	3524.791807	3.813490644	0.05531088	0.390074388	3.274263474	-0.000289092	1489.75	428.3829216	contos
0.054292006	225.0134253	3571.221397	3.711758418	0.093743555	0.352014501	1.879024243	-0.000281612	202.22	417.1252792	contos
0.049107091	224.3976832	3701.721162	3.818622219	0.151992953	0.431562641	3.892446043	-0.000262408	302.71	319.5197459	contos
0.079693494	231.0790449	3380.017207	3.801533812	0.302397846	0.355595271	1.627137899	-0.000377755	260.95	160.995449	contos
0.080224698	233.8384435	3048.508598	3.849345311	0.27037113	0.365310453	1.320389739	-0.000370546	259.39	135.9443751	contos
0.048547228	245.9103805	3293.321972	3.766167662	0.247772985	0.437572059	3.936980323	-0.000248557	313.56	265.455168	contos
0.041281587	227.6947815	2617.206165	3.596139253	0.156475394	0.366111051	2.138875735	-0.000298345	279.78	271.7642928	contos
0.054186226	225.6678844	2475.559445	3.603138927	0.238193295	0.353501994	5.830079122	-0.000315596	528.48	236.5112665	contos
0.054553984	232.4069566	2054.361848	3.658606379	0.138845033	0.289535722	3.404596488	-0.000441081	1690.87	246.6418191	contos
0.045920775	280.6562309	2429.557569	3.751086564	0.090066758	0.390511095	5.032674312	-0.000338577	720.81	426.1794984	contos
0.044895848	284.0599802	2780.217403	3.772377827	0.011775758	0.42187005	4.513436799	-0.000303719	783.84	518.7673369	contos
0.056230642	289.1467438	2582.806956	3.789664042	0.076308627	0.354227439	5.137781115	-0.000371008	663.4	397.6011543	contos
0.067530891	302.6206581	2281.433931	3.811001961	0.047875332	0.33767862	3.682692368	-0.000466346	598.03	313.9293812	contos
0.069601853	272.3217837	2160.746468	3.886693457	0.020574367	0.323397764	2.042352672	-0.000494122	459.97	375.3612544	contos
0.060754113	278.934764	2665.663949	3.961006888	0.094891381	0.410488056	4.156836266	-0.000277566	1475.36	437.6818779	contos
0.048188407	236.2431461	2209.019949	3.881139677	0.177538362	0.370274357	2.620635683	-0.000343385	305.13	439.8937679	contos
0.041802078	295.3175876	2506.093507	3.657277504	0.213244483	0.383484675	3.870231206	-0.000236899	402.63	249.1236747	contos
0.059063217	282.7429696	1856.469884	3.625303623	0.180223229	0.315801391	1.376128559	-0.000365932	358.76	155.1995697	contos
0.064354115	269.4436258	1837.425459	3.531304824	0.137494297	0.225960583	0.691034661	-0.000486961	334.49	118.6448551	contos
0.072708735	269.0282536	1733.381269	3.557229055	0.16033097	0.256983886	3.219815773	-0.000484256	464.15	117.8170739	contos
0.083999069	259.2019031	1702.371315	3.570436776	0.240837848	0.262145302	5.989507564	-0.000496297	512.84	35.6840826	contos
0.073065699	281.5540121	1955.575795	3.528321699	0.280932222	0.282098273	5.630600356	-0.000450896	510.14	91.12382053	contos
0.229699857	300.6388799	4329.976363	3.64430383	0.244092761	0.585015479	14.41067979	-0.001178265	2097.96	558.2584455	contos
0.317754357	206.1539546	5158.482502	3.657228675	0.260999476	0.500875304	18.37888882	-0.001539161	562.83	80.96829251	contos
0.322323684	229.2955268	6412.556951	3.703828644	0.260791829	0.587111289	12.93976193	-0.001068857	559.03	179.2731661	contos
0.290822053	229.2955268	6880.981883	3.760929707	0.240703927	0.567557118	13.92822441	-0.000503587	548.12	108.3836527	contos
0.193146383	205.3131791	5735.605744	4.928929825	0.063043708	0.62743577	8.620621392	-0.000676661	2041.11	317.2478871	contos
0.108446617	229.2955268	4636.541302	5.526859002	0.058493089	0.490403374	11.41611171	-0.000644905	554.67	126.1947356	contos
0.074380934	304.4198054	4493.70777	5.475206629	0.255380236	0.548846393	8.342613149	-0.00042486	615.56	465.7218586	contos
0.059711763	272.3010673	4820.610707	5.450298603	0.337802233	0.557640112	7.587247096	-0.00038441	589.76	314.619705	contos
0.052363518	219.9046432	4751.708654	5.356600682	0.343618205	0.600596107	9.77103609	-0.000297895	633	332.6753508	contos
0.049568623	248.6033514	4876.665348	5.101903424	0.139132185	0.558085463	10.89392594	-0.000329894	857.84	425.1265044	contos
0.05018641	276.2811346	4856.508165	4.788092849	0.072009886	0.543270257	11.15915322	-0.000340718	620.79	232.5692637	contos
0.052986435	261.8131478	5115.412703	4.574732547	0.087096313	0.526321269	10.69263099	-0.00033316	672.33	201.0506868	contos
0.062674793	219.9046432	4952.886445	4.513557851	0.014878955	0.504486651	12.84207774	-0.000354054	673.73	230.6374574	contos
0.061656655	248.6033514	5095.100168	4.447793977	0.083570477	0.448306869	11.36614757	-0.000385089	611.6	102.8608459	contos
0.054706971	259.0164721	5023.711728	4.338917322	-0.008348122	0.454000007	13.38301385	-0.000328148	672.85	241.7470788	contos
0.073537333	259.0164721	4995.001894	4.402296515	-0.006271505	0.449307695	12.24809758	-0.000360951	694.7	212.8952146	contos
0.207358837	259.0164721	3864.038045	4.345033798	0.021624828	0.328362146	4.556351955	-0.001250606	1639.43	161.8407917	contos
0.31847882	280.0927229	3444.273914	4.283093325	0.006001419	0.274838758	5.54202615	-0.002387391	599.29	443.9851741	contos
0.285923085	288.9665216	3554.291269	4.346222775	0.022374715	0.272882752	7.384105834	-0.001806242	549.31	134.0787111	contos
0.149551866	300.024551	4563.351357	4.356476614	0.100064703	0.370799274	9.69919686	-0.000687283	649.98	253.0965911	contos
0.058241079	279.9669837	5052.032009	4.346560555	0.009936029	0.474376874	10.47589763	-0.000243732	557.5	348.5277593	contos
0.042235216	285.5908242	3868.156507	4.309207118	-0.077756186	0.353931256	8.949675823	-0.000236189	584.03	47.37359601	contos
0.076432461	227.1649394	5353.826461	5.271991519	0.253689849	0.357343608	12.94197584	-0.000364885	623.17	186.5055436	contos
0.084826476	227.1649394	4994.264426	5.405656331	0.335491732	0.292487456	6.937579303	-0.000485456	471.29	326.7940618	contos
0.084296717	256.4706782	4781.706191	5.452142631	0.335725897	0.2834674	6.251093312	-0.000399474	559.75	206.8819981	contos
0.094415479	235.9830062	4238.555535	5.352639643	0.414452761	0.241109018	5.21780131	-0.000573032	436.66	127.168353	contos
0.110173909	212.759251	3527.356131	5.059255556	0.437224183	0.186104957	4.635597673	-0.000689998	434.94	114.6945488	contos
0.103854203	204.495266	3489.905069	4.507247622	0.218735708	0.265655112	3.510140253	-0.000563765	644.48	542.5236298	contos
0.177593642	215.644328	3636.938702	4.345616874	0.077698823	0.284693109	4.802924584	-0.000540001	456.92	255.1042977	contos
0.224566971	215.9954226	3468.593179	4.349249756	0.035225495	0.191576648	4.511272825	-0.002142073	423.18	133.4554214	contos
0.171696879	207.7938141	2832.071214	4.418181944	-0.019146971	0.213127396	7.228790317	-0.001255674	499.95	74.83049526	contos
0.08860556	221.3937356	2268.190072	4.367670889	-0.086875666	0.220954155	3.515701778	-0.000460803	526.93	249.9252765	contos
0.06073847	568.1781518	1873.112159	3.334144219	0.155219012	0.218073436	-4.134257673	-0.000295391	566.47	29.79495941	contos
0.131054603	570.1317484	1584.855506	3.262818025	0.134864142	0.20526255	-3.404578736	-0.000623074	570.02	11.36634842	contos
0.178509565	568.1781518	1620.958218	3.257712838	0.241783793	0.168281445	-3.389251838	-0.000782531	575.51	8.178616607	contos
0.173971891	587.1623512	1654.305002	3.227838706	0.268927775	0.16479848	-3.340793593	-0.000808867	569.86	8.317268447	contos
0.1400244	572.6002156	1867.97106	3.218558071	0.247880057	0.231200362	-2.315777243	-0.0006386	572.21	7.93922528	contos
0.113614916	572.0853449	2059.574315	3.186772352	0.188947273	0.257432266	-0.811273068	-0.000497072	577.93	13.68518924	contos
0.098450116	571.5279866	1926.843654	3.086906215	0.258001542	0.212543278	-1.677735696	-0.000537487	582.58	20.09020814	contos
0.091610817	572.9526814	2885.24846	3.203005806	0.313129466	0.302110568	0.917506785	-0.00046414	584.06	34.7773262	contos
0.083303041	580.1329403	2318.529941	3.106811595	0.222546281	0.315381683	-0.038810354	-0.000477829	590.29	35.81539532	contos
0.115252885	525.4065709	2763.512202	3.097602964	0.277851192	0.50316922	1.542323657	-0.000523187	568.08	49.32754172	contos
0.223294004	391.1403166	4343.587848	3.124151451	0.172114661	0.625042245	8.333595312	-0.001435165	1852.97	191.7471684	contos
0.285376888	291.6773377	4911.558561	3.125579476	0.19813848	0.56413076	9.050244514	-0.001286179	493.29	100.5607551	contos
0.286071116	299.7503791	6073.551509	3.13990112	0.164497436	0.626414619	9.722387651	-0.000983896	588.55	217.1140493	contos
0.217254868	311.7831362	6309.78468	3.09707906	0.141400865	0.624316895	8.444207566	-0.00077042	578.38	570.1882478	contos
0.092971802	290.2449101	5909.117244	3.133409798	0.196271567	0.659493171	8.497965199	-0.000266447	676.6	363.4664305	contos
0.048124896	266.2615327	5191.468791	3.264288515	0.158281155	0.572915674	9.312033187	-0.000265009	688.73	58.78913084	contos
0.044493617	241.370486	5444.701971	3.175854627	0.175575713	0.565865836	9.406487828	-0.000221776	679.55	204.1654425	contos
0.045223111	239.8303119	4965.264332	3.170953764	0.195421659	0.507243606	9.941419018	-0.000327297	674.96	53.7537086	contos
0.040904215	225.7476449	4861.87535	3.232507778	0.203282501	0.489302403	10.42684488	-0.000260374	716.67	171.5253789	contos
0.040551254	194.3932281	4276.106143	3.27853411	0.305881216	0.37985017	10.79609159	-0.000287499	688.34	119.0744882	contos
0.043239754	225.7476449	4408.51141	3.361053039	0.280173584	0.402328105	7.354703625	-0.000269015	642.85	213.6368851	contos
0.042772751	164.1159401	5142.864729	3.356349436	0.334680767	0.376661063	10.03792506	-0.000216155	680.58	161.2302414	contos
0.045120827	194.3932281	4638.334121	3.337353555	0.346756364	0.4293074	8.579565534	-0.000279688	728.07	442.4786362	contos
0.05044789	164.1159401	4283.656368	3.360042474	0.320168086	0.346044718	8.207472524	-0.000336749	580.76	164.0179392	contos
0.070494314	155.1859086	4030.936479	3.294079472	0.329928713	0.245321904	6.14816762	-0.000490526	567.82	425.9399845	contos
0.110573352	145.6313934	3150.726445	3.206764933	0.364968136	0.206428197	6.247440464	-0.000725822	512.01	251.5144894	contos
0.101576281	141.6403095	3098.200609	3.165792038	0.336663322	0.25994134	5.900655467	-0.00048397	370.36	208.9522725	contos
0.062153142	159.8785224	3360.800521	3.197027424	0.346332372	0.35418832	6.239203397	-0.000392219	448.28	502.197463	contos
0.171873804	200.1851439	2707.939061	3.158884524	0.335655921	0.217056951	3.825909919	-0.001113884	1363.24	513.2757643	contos
0.246715117	224.9823871	3069.921375	3.205017439	0.335312954	0.218045447	6.222998634	-0.002063864	465	139.1614154	contos
0.193431253	219.8199757	2506.858964	3.160642303	0.223981482	0.250362674	7.476815566	-0.001168782	491.08	162.5500844	contos
0.068590309	189.5322501	2218.379193	3.102002329	0.249255232	0.263647851	7.048473584	-0.000545921	530.83	75.1818129	contos
0.269558973	265.4909937	4441.204904	3.993279453	0.049418583	0.580911137	10.84608126	-0.001694742	524.97	89.96823222	contos
0.320575917	243.0057183	5537.729294	4.003156028	0.083200895	0.555789139	11.54898861	-0.001433315	527.03	103.8710234	contos
0.332702634	245.363993	5940.667367	4.04299994	0.045502797	0.633379187	10.34189874	-0.00100966	546.3	142.5390964	contos
0.280417694	226.3195213	6049.972969	4.037805153	0.105237131	0.624581504	9.875688261	-0.000940603	630.52	286.2901896	contos
0.156759141	265.4909937	4462.898647	4.042410335	0.208853887	0.45020985	5.091684581	-0.000612241	528.64	445.3287264	contos
0.081320166	281.3414001	4968.919668	4.082683979	0.276333281	0.470998631	9.107818828	-0.000292026	521.47	73.98295734	contos
0.070171963	245.363993	4631.054632	3.927406796	0.34181921	0.414785647	10.79774036	-0.000338881	523.42	43.75583341	contos
0.064614132	236.6914238	5144.820877	3.98909688	0.137766179	0.533457169	12.9263537	-0.000222665	553.11	69.70987101	contos
0.068733167	310.9425299	4590.270109	4.178199554	0.153256312	0.449095779	10.57244654	-0.00035946	565.74	106.4166786	contos
0.091109132	236.6914238	3723.094274	4.674887904	0.201008865	0.360012978	5.65244423	-0.000659529	519.79	170.3932992	contos
0.107133973	206.673518	3400.422661	4.835296953	0.184949238	0.300333435	3.964581502	-0.000524676	597.03	267.6848689	contos
0.105177001	222.6034445	3226.829598	4.322995906	0.211420812	0.30132089	3.209211909	-0.000491427	520.68	111.2591944	contos
0.083021552	236.2641172	2709.141213	3.829593031	0.231305772	0.207032101	4.319987502	-0.00071664	433.85	128.0224633	contos
0.062365328	225.206056	3477.081745	3.280837704	0.394825793	0.280715226	3.971933431	-0.000363628	472.26	123.5421303	contos
0.078089565	188.6420769	2975.765765	2.835775734	0.24297269	0.256195677	1.415857055	-0.000494693	1773.74	339.5057502	contos
0.082745615	161.8935794	3375.703276	2.832662241	0.20371653	0.303032813	5.088597284	-0.000373029	498.45	374.3160281	contos
0.080131488	148.1221973	2102.225413	2.831441334	0.122765462	0.194248371	1.463005182	-0.000632381	246.71	267.3341261	contos
0.067137667	153.9170964	3104.028967	2.854216792	0.1827702	0.317658864	3.411750826	-0.000297795	1697.01	364.0098527	contos
0.107812249	169.2722325	2543.870208	2.832020626	0.159149125	0.26898428	3.354829613	-0.000558336	739.2	566.396802	contos
0.15434143	170.0620706	2245.448182	2.813119708	0.121751618	0.227827438	4.335263475	-0.001130293	356.18	419.7857794	contos
0.15130319	153.4908421	2272.954562	2.820308316	0.075189078	0.239084724	6.368472958	-0.001105226	369.86	279.6668209	contos
0.115731052	140.7317329	2079.145759	2.808820144	0.058087284	0.204017574	7.86383288	-0.000817204	373.49	245.6274759	contos
0.07987518	139.0340731	1900.915731	2.775904257	0.135422917	0.193649097	6.615767718	-0.000635843	448.46	259.490411	contos
0.067343949	140.2869932	1871.421862	2.788789884	0.125299393	0.197712216	5.582656149	-0.000448545	377.09	300.401657	contos
0.081705577	220.3746175	5843.603665	3.257407228	0.076884895	0.57288475	15.40589938	-8.65E-05	558.59	382.1192199	contos
0.076794163	274.9232129	5626.693643	3.042740543	0.170555223	0.565175248	12.98827667	-7.01E-05	556.47	343.8132012	contos
0.073871723	301.5528912	5607.627528	2.942916593	0.068211805	0.529831173	15.07595488	-9.82E-05	621.27	499.0652103	contos
0.070774532	267.3044472	5797.238969	2.922477674	0.088128903	0.562439472	13.76475898	-3.55E-05	1804.29	322.5641097	contos
0.063753151	259.6856815	6025.527528	2.819087634	0.050541283	0.601923422	13.05555312	-5.16E-05	1147.96	306.5635409	contos
0.055148941	259.6856815	6096.051457	2.752611612	0.066515912	0.642535556	14.08425738	-7.19E-05	1071.44	394.3113225	contos
0.047944043	244.0845766	5635.829749	2.711747457	0.024618058	0.591993857	11.32711407	-7.77E-05	1013.93	313.1750095	contos
0.046193602	218.3234362	5558.604578	2.748890196	0.038761	0.532165428	10.00049979	-5.70E-05	1111.53	161.9276216	contos
0.045626189	244.0845766	5385.487567	2.717419909	0.054678365	0.564194295	10.10520823	-7.77E-05	1157.34	463.7012234	contos
0.041638606	228.2035885	5044.408094	2.758573069	-0.08569413	0.536674061	10.38765674	-0.0001513	998.88	331.211729	contos
0.042315686	226.0165555	4574.261099	3.084478751	-0.209623337	0.553702676	9.857018995	-0.000168455	680.59	538.6257723	contos
0.096246317	214.9961515	3655.577032	2.835019135	-0.096161435	0.402608618	5.536723939	-0.000529166	1330.5	470.2637236	contos
0.146943088	222.1465303	3230.501246	2.771036125	-0.131910998	0.281923247	4.975261702	-0.000937089	386.8	480.643661	contos
0.132892511	228.2035885	2860.749898	2.776392229	-0.115833326	0.24311417	8.98832342	-0.001109817	476.35	185.180347	contos
0.06883516	226.0165555	2217.623357	2.687491434	-0.064278922	0.220336184	8.820143663	-0.000513036	516.48	147.8351044	contos
0.168584221	272.0637375	5162.032088	2.846008742	-0.050794944	0.539998697	11.63527465	-0.000541172	701.99	210.9476994	contos
0.246483381	279.2352762	3889.89	2.802589503	0.012446841	0.468877353	8.822502181	-0.001812077	709.29	244.3248541	contos
0.279028352	272.0637375	4923.25873	2.787265785	0.005046036	0.535321645	10.2511246	-0.001679813	729.25	327.9446823	contos
0.256233191	286.4068149	5442.277112	2.813849419	-0.035023172	0.636413703	11.03465003	-0.001255921	1694.93	232.8724154	contos
0.157329214	305.6006952	5058.925141	2.766627513	0.003781335	0.604703405	8.767420129	-0.000649766	858.63	361.1255846	contos
0.068867799	317.0062118	5792.743358	2.782911932	0.058631142	0.526696107	11.77035919	-0.000212998	1102.14	555.149844	contos
0.058491123	259.2057004	6008.014966	2.870418068	0.106052131	0.499667212	13.3434669	-0.000108711	1138.37	207.4870865	contos
0.076301295	286.4068149	5898.532978	2.897303469	0.014147273	0.507942178	11.04560005	-0.000292576	977.94	321.4218838	contos
0.080782403	303.2757735	5077.065064	2.837670917	0.036344551	0.467925344	7.443050973	-0.000372381	1654.26	310.8673945	contos
0.097871807	276.61822	4231.607487	2.837148792	-0.019575992	0.389187559	4.064746493	-0.000672323	1074.81	281.0572909	contos
0.095786391	276.61822	4652.767392	2.868692956	0.059018043	0.43849764	6.507603655	-0.000335582	1738.54	369.209154	contos
0.05940301	261.1176066	4791.196274	2.807248386	0.033224636	0.512226415	7.71121362	-0.000274899	1085.73	168.7927936	contos
0.047862643	303.2757735	4662.693592	2.806448601	0.025663109	0.494155472	8.611351996	-0.000193173	1201.07	199.320875	contos
0.041149685	270.3309289	3892.089139	2.861887128	0.074323161	0.473752588	8.810011255	-0.000258058	1128.91	276.9020086	contos
0.071727256	272.3630455	3815.944307	3.236066395	0.075195389	0.588406554	7.318331749	-0.000125635	406.92	174.3563757	contos
0.216956468	308.3662445	4341.592602	4.220415742	0.024802874	0.542683269	7.879387791	-0.001843207	442.29	140.3165472	contos
0.320802054	261.3599145	5381.416007	5.164344561	-0.026154031	0.586863824	9.908084904	-0.001473282	460.48	110.9884151	contos
0.341469679	211.7878165	5738.077363	5.31443851	0.041746197	0.540874567	10.25207712	-0.001091244	601	161.5625157	contos
0.245377971	183.6758328	4707.772939	5.556406277	0.047840543	0.454728301	4.829173841	-0.001078698	274.16	229.4820533	contos
0.095433649	217.7387995	4845.736127	5.529208098	0.012444598	0.416645636	4.318902113	-0.000370767	418.4	481.9887854	contos
0.070921909	273.5136454	5418.976845	5.055892336	0.000317799	0.405732324	5.756448239	-0.000300458	672.25	258.1761555	contos
0.053798763	200.4027196	5359.103665	4.487787395	-0.1261464	0.452499602	7.947708612	-0.000324446	648.25	168.2626213	contos
0.058581123	258.4121939	5388.259643	4.427227237	-0.164324747	0.448912822	7.462952291	-0.000269555	677.24	241.3662438	contos
0.05278828	258.4121939	5205.752047	4.455259723	-0.168974995	0.466373615	8.241131151	-0.000224494	765.5	361.0293169	contos
0.043589248	269.6154232	5047.83184	4.592083839	-0.095647999	0.426397447	7.33101125	-0.000213226	692.8	432.767439	contos
0.282549923	260.8991256	6051.546711	2.632778895	0.133342142	0.554854553	9.391613908	-0.000960155	659.33	149.3821752	contos
0.210295381	320.1101558	4902.909414	2.641175118	0.208775335	0.455267252	4.550440389	-0.000832957	735.41	475.0397583	contos
0.09872438	350.0087263	4948.490656	2.622379041	0.128691798	0.413885693	7.296675071	-0.000495559	980.62	91.28600381	contos
0.103454765	350.0087263	3836.977474	2.592054942	0.101930582	0.350036388	4.628994229	-0.000878602	943.21	119.8726376	contos
0.100820634	388.0410899	4969.663773	2.609374499	0.147262167	0.346253536	8.813227773	-0.000397201	954.45	92.8048308	contos
0.097293346	424.2402085	4310.801935	2.704276833	0.153729657	0.293972835	5.534100229	-0.000454702	953.76	71.96145205	contos
0.090072387	378.2782248	3783.943409	2.79780776	0.129044358	0.245739491	4.552680353	-0.000586332	914.99	87.07034784	contos
0.076727863	376.2814774	3713.764523	2.848413111	0.119154315	0.302659559	5.266660922	-0.000389789	867.85	106.5451266	contos
0.071436784	376.2814774	3463.855489	2.766885788	0.167316348	0.244865915	3.660776473	-0.000399147	894.71	114.7308049	contos
0.071986675	376.2814774	3402.702797	2.790575345	0.109542229	0.239646869	1.956236634	-0.000344457	770.05	538.1368085	contos
0.055098308	304.9074466	3536.365073	2.791044031	0.130684587	0.296242918	3.853797061	-0.000161374	679.56	169.4786634	contos
0.10930029	268.1806154	2279.058122	2.786011971	0.219079255	0.189651688	2.027685148	-0.000728208	425.72	240.6274846	contos
0.150322266	268.1806154	2008.244355	3.155244075	0.260578774	0.153181916	3.398152035	-0.001043339	369.24	121.0014202	contos
0.128266308	252.0460819	1761.177271	3.275516166	0.439350784	0.140670987	3.005677551	-0.000758954	408.18	108.1355291	contos
0.094644901	235.9115484	1368.062092	3.239560215	0.339888978	0.15324042	5.377526344	-0.000612465	399.86	38.94037807	contos
0.076364197	271.5250449	1463.931971	3.148580308	0.088998853	0.150369987	4.626189156	-0.000516453	389.01	48.34975779	contos
0.057835965	309.0005724	1641.037347	3.195314527	0.057267136	0.228952599	1.633658884	-0.000384943	455.64	137.4497667	contos
0.298403462	235.0732139	5603.184743	3.075546499	0.345966291	0.554669067	14.07246576	-0.001804437	455.05	209.9101446	contos
0.310250222	248.7278647	6224.203453	3.081183807	0.141035994	0.55253544	11.27262537	-0.00121247	606.18	226.147221	contos
0.282188037	235.0732139	6252.37478	3.064254791	0.186341269	0.636199044	10.82122652	-0.000833049	593.9	251.3049661	contos
0.201880806	233.614442	6118.58005	3.059682018	0.226930222	0.654080944	11.86651717	-0.000412498	657.05	138.947858	contos
0.176450517	221.0857924	4764.01393	3.047666043	0.170975353	0.405417055	5.805557323	-0.000728317	542.78	310.2812093	contos
0.184155033	213.4453641	3099.367856	3.046864688	0.192898992	0.224626819	6.38841925	-0.001531852	427.65	188.0288667	contos
0.128928745	232.3169485	4013.045605	3.184110512	0.228604409	0.313657726	2.522276722	-0.000510357	805.14	317.1649296	contos
0.090632344	238.4079824	5048.767305	3.111056536	0.219947924	0.386806514	5.018857898	-0.000271933	655.56	211.8184317	contos
0.05700027	228.8184518	5013.936765	3.102386557	0.210317382	0.460400297	6.103632715	-0.000228104	645.27	137.8039408	contos
0.081061074	225.666861	4046.721351	3.055779568	0.087103793	0.429457754	4.841570609	-0.000309255	428.31	508.6376703	contos
0.178059848	226.6013009	2918.319984	3.057330443	0.153502842	0.244265707	5.782358386	-0.001217937	450.66	151.5798199	contos
0.176568999	218.861473	2386.610504	3.089675965	0.134176363	0.226159076	8.539580455	-0.001201337	448.17	71.79985627	contos
0.085374973	192.4952201	2227.281725	3.067802175	0.253215518	0.260176801	8.755874079	-0.00047005	502.48	31.93697685	contos
0.044399747	194.3101962	1804.735958	3.055109231	0.211718128	0.27557822	4.510191412	-0.000237065	463.45	77.70777013	contos
0.091747319	214.5151181	4905.099662	3.151920113	0.093652913	0.408580665	10.82452214	-0.000592776	877.7	73.50999904	contos
0.119083046	231.4668943	4555.330696	3.097805078	0.220247935	0.382346668	10.15652343	-0.000730903	976.06	34.36221346	contos
0.136731594	214.5151181	4477.606945	3.068927556	0.127459116	0.314290758	9.277028199	-0.000819885	1023.79	38.54393013	contos
0.140328509	252.8465845	4155.150955	2.987489268	0.154637138	0.335489857	8.224166396	-0.000710076	1023.74	19.10503233	contos
0.128230784	248.4186706	4056.606704	3.042298686	0.136923753	0.304394219	9.131677136	-0.00071395	1014.7	22.19676644	contos
0.100820332	261.0632087	4357.939987	3.028946818	0.26603659	0.324852936	10.35520383	-0.000545198	960.65	29.45327383	contos
0.081820171	270.286712	4164.806279	2.976901385	0.192402386	0.318405511	9.418377413	-0.00058302	922.92	110.1745603	contos
0.064828433	271.1921598	4122.001116	3.018034155	0.171625387	0.380172431	7.508838056	-0.000489196	841.82	161.4268933	contos
0.042727294	310.3376081	4747.316441	3.02857695	0.178720092	0.412240272	9.492714246	-0.000265035	711.67	94.92348876	contos
0.050929773	151.6718146	4348.114403	3.108926028	0.276614171	0.4832416	6.853844476	-0.000160912	1037.1	257.0458474	contos
0.101060719	158.7037493	1946.852779	3.096128276	0.196050259	0.194717719	5.469341164	-0.00083089	363.78	257.0312873	contos
0.09883408	163.7203556	1567.700224	3.106502255	0.232863645	0.152623454	7.847122872	-0.000733624	434.39	54.78407442	contos
0.050094876	171.86723	2233.568161	3.053183401	0.271039168	0.25357526	8.736366457	-0.000210908	438.23	38.97935836	contos
0.611849423	266.8312799	3184.104224	3.735743607	0.308653691	0.495718645	5.017261735	-0.004149269	490.88	376.2152792	contos
0.809476862	286.2409365	3109.807138	3.661142271	0.246056746	0.532654715	6.51580753	-0.005603697	616.72	409.8512379	contos
0.84864665	296.963407	2805.171924	3.720370709	0.126569991	0.494664397	8.311407877	-0.005473407	634.35	112.0306034	contos
0.850673833	293.2408305	2873.205512	3.963646019	0.123787313	0.45952527	9.574142512	-0.004739354	604.72	73.57945393	contos
0.848462482	324.7698288	2671.703644	4.418400874	0.285359573	0.495143622	10.40010917	-0.004889454	557.67	44.40701266	contos
0.865605244	335.3443016	2143.843046	4.512914856	0.346632798	0.344598175	13.98907238	-0.004507178	507.38	15.38047873	contos
0.041949436	292.8267842	1891.564236	3.420319937	0.4079536	0.403994956	3.430058446	-0.000610044	501.13	345.1574039	sintos
0.047413191	274.0633558	1848.397185	3.373656258	0.44655064	0.379753053	4.953958602	-0.000721329	545.75	477.4105286	sintos
0.04818891	267.9989616	1740.998311	3.461871445	0.520189764	0.343842454	5.277999307	-0.00074891	666.14	163.3389708	sintos
0.050003522	240.9907597	1660.913651	3.515284844	0.569607416	0.285837851	4.815248172	-0.000773121	681.58	372.2188011	sintos
0.044794742	226.0583113	1803.370686	3.547702522	0.448314936	0.293339218	5.01560836	-0.000738277	465.56	402.9053047	sintos
0.041835562	271.2648697	2016.532738	3.455540981	0.603020584	0.44317152	3.711227185	-0.000592844	661.8	278.1512033	sintos
0.047808204	257.3533632	1871.086144	3.564414278	0.652420729	0.38172191	5.004779279	-0.000724492	610.34	231.8607114	sintos
0.046260214	231.0450836	1883.586363	3.572520539	0.635774435	0.41188019	4.587304155	-0.000629808	695.04	229.172241	sintos
0.041762242	242.6367755	1690.985306	3.522517232	0.580830037	0.369314451	3.847980991	-0.000751403	713.6	240.0552029	sintos
0.046911259	287.2543727	1880.971867	3.507893626	0.63207954	0.434493389	3.071708654	-0.000526093	791.4	309.76226	sintos
0.054601056	288.0921777	1743.919668	3.54265278	0.590047851	0.372586094	2.684565274	-0.000773921	622.71	280.011823	sintos
0.059377891	295.5337658	1938.490572	3.537063033	0.468437915	0.411022839	3.605780391	-0.000725899	643.32	191.1187173	sintos
0.058107121	283.3929149	1971.71534	3.532720545	0.402083538	0.386012655	4.739598212	-0.000819036	576.35	190.5616606	sintos
0.053967016	293.2120072	2002.27482	3.52625073	0.245224355	0.388858675	4.85466246	-0.000732757	649.12	303.6405355	sintos
0.057307796	274.0860088	2066.982056	3.590587401	0.443552796	0.397898962	5.063561582	-0.000721266	583.35	120.3576695	sintos
0.056837929	293.5633898	2081.047733	3.670848699	0.480479636	0.405555622	4.305194387	-0.000747836	662.51	277.3714559	sintos
0.046165093	333.5172779	2331.239674	3.730092342	0.467714755	0.464998712	6.80192399	-0.00063736	781.91	138.7558822	sintos
0.044391707	291.1865301	2279.095889	3.769743845	0.449803394	0.470170435	6.016854032	-0.000561413	2250.86	540.8664875	sintos
0.053356857	270.926292	2082.78417	3.696001139	0.412278395	0.409267514	7.862319661	-0.000835594	720.97	186.7451414	sintos
0.059018439	269.6375575	1911.030346	3.716863888	0.563628087	0.336762143	5.716292628	-0.000944151	611.97	190.5562642	sintos
0.05364111	269.9657243	2009.654269	3.749433882	0.550170086	0.428757012	7.068159276	-0.00080494	661.56	178.9569643	sintos
0.043030138	270.382623	2214.745366	3.723400419	0.480291435	0.43144153	6.208332179	-0.000567527	610.4	256.9491171	sintos
0.047039122	268.9681437	2139.345814	3.633676856	0.505554118	0.409123331	5.543631751	-0.000709309	588.87	421.422871	sintos
0.062580825	271.831283	1750.829942	3.649953104	0.51455623	0.346170033	2.966098374	-0.000809539	444.58	317.2839359	sintos
0.072125469	268.845413	1342.349276	3.757903061	0.391651677	0.287862646	-0.202227509	-0.000995508	319.62	154.3809164	sintos
0.064530521	268.0124995	1483.715366	3.667571325	0.594797292	0.344680789	2.34017242	-0.000726001	719.76	445.6708721	sintos
0.048526109	225.2757787	1632.82323	3.692826852	0.560455988	0.322860955	2.69855262	-0.000750286	431.87	409.7249164	sintos
0.041501927	262.0884024	2109.090361	3.6128711	0.52790863	0.42455861	5.113592582	-0.000597084	582.01	301.3401826	sintos
0.040681999	244.7995549	1589.23067	3.571288067	0.504581231	0.278976049	3.822990804	-0.000771636	489.18	164.2899116	sintos
0.047896938	269.0697957	1608.037669	3.491453142	0.568500517	0.270797574	2.676548044	-0.000608655	530.09	149.1513884	sintos
0.048567074	314.4160571	1689.582068	3.48421124	0.503546897	0.2392498	3.764679574	-0.00073533	492.47	139.6974771	sintos
0.045593511	314.7710196	1996.361267	3.501595454	0.402391089	0.255653507	5.815364192	-0.000579681	621.2	310.1467242	sintos
0.054220491	313.1773562	1917.863088	3.479587175	0.42067845	0.248815212	5.052077949	-0.000858236	521.49	426.5128273	sintos
0.063183938	273.7107721	1953.23106	3.389190943	0.538433128	0.210232877	6.890784765	-0.000915023	650.67	86.77587907	sintos
0.05666423	300.9829387	2152.900238	3.390963373	0.401912911	0.223838901	6.812089045	-0.000716272	649.84	81.24191614	sintos
0.048690415	230.4516129	2098.596036	3.417309384	0.405317329	0.240155485	4.67084631	-0.000631697	590.94	331.1420477	sintos
0.046855185	307.0770384	2311.396909	3.384017423	0.523672144	0.287515768	5.460847433	-0.000438654	640.38	321.0870583	sintos
0.051240074	224.7699435	1980.870613	3.413865848	0.450722971	0.281816904	9.666672085	-0.000776683	599.47	225.2021371	sintos
0.056483016	224.7699435	1891.768022	3.485815918	0.525320931	0.323007977	7.794810855	-0.000782196	515.21	121.7697047	sintos
0.056034621	186.4475583	1610.940074	3.506294416	0.455838316	0.288629026	7.179573062	-0.000872251	447.2	104.5662348	sintos
0.048109878	183.6040273	1714.504746	3.676208999	0.479035096	0.287543056	4.619484935	-0.000618641	493.15	194.8887153	sintos
0.043299826	184.4430289	2059.046119	3.582931034	0.589990016	0.347693679	4.130633826	-0.000529607	890.5	534.6723282	sintos
0.045222077	183.2567409	1587.213127	3.447662783	0.454807014	0.345756255	3.521816006	-0.000506962	584.84	145.8228332	sintos
0.046295821	226.0517179	1497.75306	3.374323328	0.500065561	0.294011596	1.970115956	-0.000401395	605.33	112.8841065	sintos
0.045589054	311.7558849	1769.761937	3.250813428	0.438890619	0.369976016	2.861571071	-0.00066541	527.15	310.7081705	sintos
0.043108964	315.5440609	1728.006667	3.242486038	0.453054119	0.349401577	3.44295066	-0.000649432	580.35	162.5909857	sintos
0.045237501	290.8752436	1801.955503	3.231281034	0.542120474	0.31747008	3.880791028	-0.000630849	563.01	318.129698	sintos
0.047904033	301.3155643	1609.370127	3.253332267	0.529343419	0.325090306	1.65070706	-0.000595356	447.86	301.0097384	sintos
0.041036335	208.3439119	1413.809168	3.263273667	0.488507696	0.29131127	4.216294945	-0.000681643	617.77	150.9789953	sintos
0.042772921	204.5458277	1707.527215	3.21437991	0.561378852	0.346568661	5.249146928	-0.000464631	644	109.0574756	sintos
0.045329363	221.4041955	1471.423333	3.148855619	0.532287457	0.315528145	3.120110251	-0.000608596	704.49	197.4074087	sintos
0.043763856	301.1893358	1764.682863	3.379688261	0.353240929	0.391495554	6.45821966	-0.000656047	675.29	133.7786133	sintos
0.056241653	263.5229157	1598.760036	3.3034964	0.386947648	0.307433231	5.86430377	-0.000821748	660.25	97.79054061	sintos
0.05735896	263.289603	1546.590616	3.405009505	0.415343871	0.295229386	5.650038856	-0.000895246	687.09	105.8972607	sintos
0.059098165	226.9602865	1577.188915	3.404253999	0.505088043	0.325698332	9.524304512	-0.000872015	681.51	98.41363501	sintos
0.059042595	268.6648634	1572.386114	3.338108371	0.509751919	0.323469064	9.75420451	-0.000769068	619.33	40.50353551	sintos
0.048321638	263.289603	1530.966209	3.357555512	0.342306171	0.302386515	7.291283786	-0.000869192	623.35	196.2824269	sintos
0.045155486	263.1350099	1922.663982	3.344743514	0.409106247	0.385227513	8.605598572	-0.000541622	589.96	78.07659382	sintos
0.059519586	311.6825066	1450.033551	3.362214075	0.415564842	0.270021136	5.704500142	-0.000826384	610.01	68.97754626	sintos
0.06656774	300.1553605	1379.810794	3.408029426	0.438963647	0.294807784	4.702503108	-0.000881792	595.11	44.95925873	sintos
0.061113897	222.6232957	1324.739621	3.398807669	0.469518354	0.284157648	4.275697518	-0.000980571	596.43	214.1267635	sintos
0.050884869	263.1350099	1665.610547	3.326665629	0.4237947	0.357798682	3.362740192	-0.000785505	1541.55	420.3332812	sintos
0.044060288	224.9572979	1921.38919	3.317262472	0.361693183	0.430301483	8.638999101	-0.000626587	590.07	136.6203521	sintos
0.047940065	292.5742654	1696.644231	3.305398881	0.488746783	0.386727685	3.37133728	-0.000743795	547.34	238.295259	sintos
0.043747177	308.3182522	1902.145945	3.334292192	0.456925983	0.420675639	5.742575658	-0.000631964	672.3	128.1901019	sintos
0.040502136	254.1627964	1873.403528	3.380781988	0.409109502	0.386269366	6.511295515	-0.000785996	3062.36	525.8337153	sintos
0.041933034	219.8147767	1902.853365	3.366596878	0.501714124	0.42201914	6.612872604	-0.000740423	740.3	518.2879353	sintos
0.046643208	254.1627964	1934.167835	3.359399825	0.445491977	0.426059348	8.177171437	-0.00077343	606.04	157.8516658	sintos
0.06307535	254.1627964	1813.36621	3.378624325	0.38154092	0.355049821	5.64710918	-0.000766029	671.09	150.6787924	sintos
0.064851861	269.4989594	1528.777866	3.39414034	0.362832073	0.313263401	5.769292404	-0.000929531	559.64	85.59138313	sintos
0.054773579	235.3607854	1458.283586	3.40634271	0.323495005	0.295571333	4.767901751	-0.000656968	561.38	132.580328	sintos
0.058824684	235.3607854	1319.7251	3.393949871	0.362177679	0.296715805	3.183701834	-0.000678455	505.13	143.2303526	sintos
0.060031492	235.3607854	1512.561312	3.47574179	0.36173395	0.29318134	3.636709486	-0.000604617	639.85	355.1135286	sintos
0.054349363	235.3607854	1446.235796	3.525993943	0.34690022	0.297753581	2.305459589	-0.000629366	657.39	389.7402468	sintos
0.043180163	200.0493707	1849.22703	3.51665343	0.282134773	0.439497945	6.765319797	-0.000585034	695.08	367.7961014	sintos
0.040662214	184.8679356	1788.072068	3.493123121	0.280333633	0.430073867	4.051172388	-0.000495223	754.42	439.8844677	sintos
0.049969409	183.7461989	1620.601549	3.396230406	0.421569464	0.347773463	4.230972416	-0.000651456	617.65	271.6066972	sintos
0.045503637	183.6731141	1728.688127	3.470771602	0.408522093	0.362769714	5.362958228	-0.000662303	604.65	204.2564304	sintos
0.041500415	205.1175011	1956.50018	3.48944118	0.377710288	0.408362613	6.093142603	-0.000619383	582.28	296.2267477	sintos
0.043321336	220.7489708	1952.060083	3.375189448	0.581071261	0.473959658	7.212734702	-0.0007195	718.33	241.5346558	sintos
0.046611916	223.0675621	1725.22574	3.460919438	0.498521743	0.393196969	4.995956403	-0.00070158	637.74	154.481462	sintos
0.047352366	258.9211407	1839.366162	3.476879504	0.381530761	0.439128677	4.233483657	-0.000656124	735.32	452.5744112	sintos
0.045689225	314.4780768	1968.147061	3.49495484	0.387507965	0.442346131	6.134366582	-0.000744506	613.53	219.1536107	sintos
0.048277201	258.9211407	1907.069157	3.463659495	0.417758291	0.405576992	7.130756694	-0.000798977	642.89	118.9752711	sintos
0.051041391	268.4383025	1866.507181	3.459875128	0.413047413	0.405308485	7.845098407	-0.000827889	644.69	73.42223097	sintos
0.045603818	288.1153906	2120.95133	3.469121613	0.503463356	0.425822951	6.565147392	-0.000700859	900.56	285.4821847	sintos
0.045284841	241.2275393	1923.663696	3.458404604	0.499261107	0.382288617	9.235637488	-0.000704729	612.35	90.69952907	sintos
0.04724187	226.4665478	1856.772595	3.455953683	0.453786419	0.372204659	6.703161034	-0.000750428	1912.33	143.6969467	sintos
0.047959863	268.4383025	1970.395405	3.399522412	0.480493923	0.428469229	7.201058493	-0.000642761	638.98	99.56688748	sintos
0.043251772	277.0491943	1725.395294	3.357624917	0.423038577	0.380737937	6.814845944	-0.000660073	686.06	122.0633312	sintos
0.040360501	233.3758943	1807.32599	3.428292057	0.359348291	0.407284196	6.326015024	-0.000616566	645.74	112.3948969	sintos
0.046300368	229.0757519	1992.667959	3.331076384	0.456573878	0.433546789	8.132944613	-0.000568587	651.49	80.21516788	sintos
0.049368836	268.7072514	1498.016165	3.337797304	0.327296659	0.32268008	3.061254277	-0.00072664	659.66	108.4199023	sintos
0.042216279	310.8236362	1679.567105	3.312787698	0.509932746	0.359624623	5.19171238	-0.000637395	626.19	67.31915326	sintos
0.04177623	276.4367488	1971.971997	3.352379363	0.469131757	0.412732505	5.76888453	-0.000582148	602.36	219.2974385	sintos
0.049297817	272.7162149	1980.793811	3.431370486	0.579323021	0.365065849	6.270051837	-0.000598771	584.39	72.10910931	sintos
0.046618834	272.7162149	1684.134194	3.474993954	0.58832734	0.334679828	5.994980997	-0.000727039	582.82	74.22540887	sintos
0.045338559	261.2015685	1809.3544	3.515801066	0.547240568	0.33113656	4.665687506	-0.000659331	544.86	79.721209	sintos
0.054194355	280.1768815	1767.851544	3.42439479	0.592197707	0.337462706	3.501734922	-0.000675946	529.12	354.6647147	sintos
0.04780427	224.4923786	2048.920065	3.408877688	0.499725097	0.339754497	6.981657577	-0.000617283	534.39	135.0480702	sintos
0.045250845	214.1506741	2021.016102	3.578636213	0.514280231	0.409920647	6.904699582	-0.000561023	533.36	243.8482811	sintos
0.043840989	223.6042748	1671.35081	3.609629464	0.380393497	0.336325281	8.213878767	-0.0007151	537.5	68.89172648	sintos
0.041513416	204.4929203	1650.859129	3.539230101	0.422828272	0.366735218	5.364361715	-0.000609207	482	261.3708017	sintos
0.041412231	202.3994831	1708.406667	3.581255556	0.403411555	0.341011063	8.071905295	-0.000736287	657.56	266.6203891	sintos
0.045413001	220.5737003	1658.676135	3.573638464	0.426173661	0.361509142	6.302516746	-0.000815083	671.82	304.2352112	sintos
0.040760444	200.4007741	1793.877051	3.646627419	0.399911172	0.394494562	7.514896186	-0.000577568	576.2	339.207687	sintos
0.046237787	188.2378846	1679.604029	3.666003131	0.368998068	0.33861913	5.579593679	-0.000753465	640.13	268.5695558	sintos
0.049135581	197.0110649	1552.11037	3.603936504	0.369669232	0.333015415	5.312450876	-0.000766965	723.34	142.0731851	sintos
0.04605058	184.9908897	1679.580103	3.559636803	0.372925652	0.331907049	6.281179859	-0.000795439	649.92	456.3425153	sintos
0.044356859	181.6968399	1601.026254	3.571200178	0.38428468	0.337385173	4.557353194	-0.000751559	641.92	221.1523295	sintos
0.042344202	290.4159803	1864.404036	3.454908875	0.434648974	0.393479479	4.233071662	-0.000624316	1408.58	391.3065791	sintos
0.052900536	268.2617141	1517.194362	3.445024915	0.46374956	0.338607938	4.116342774	-0.000788947	769.38	263.0684941	sintos
0.050562622	213.007385	1546.719245	3.415284758	0.399719992	0.315815698	8.571095813	-0.000914371	802.91	109.0448259	sintos
0.04654286	219.6468746	1613.64389	3.387593578	0.451670962	0.331501695	6.125786755	-0.000861759	735.76	238.0983222	sintos
0.046618184	225.9018668	1600.901434	3.38678261	0.451619029	0.31643085	8.58963957	-0.000904956	615.96	279.0889478	sintos
0.048073254	226.5687135	1507.780015	3.453758061	0.411976101	0.325921446	5.245026044	-0.000934226	484.76	384.5104647	sintos
0.050092691	227.3627877	1431.177727	3.350877331	0.435357731	0.305448788	3.687756262	-0.000755191	646.07	320.2022943	sintos
0.052696679	261.695977	1475.984087	3.318338873	0.438162106	0.311019013	3.252824534	-0.000663259	616.62	176.8590107	sintos
0.06530428	271.2253637	1283.964918	3.316134564	0.434447621	0.253277478	2.235193824	-0.000741372	611.4	259.3434133	sintos
0.057734788	260.0114095	1656.565731	3.395113631	0.418461451	0.327505598	3.200174556	-0.000564334	640.4	414.4691562	sintos
0.044966255	233.4423255	1910.684871	3.418753237	0.494653841	0.409987933	5.777512412	-0.000588477	774.3	479.8382672	sintos
0.06707547	241.5811302	1315.532073	3.422425704	0.427514789	0.298445314	4.074289661	-0.000980983	541.22	122.7375841	sintos
0.066987359	259.5586372	1448.283383	3.473784122	0.408205846	0.296742437	3.91568829	-0.00100869	589.83	102.9501103	sintos
0.046328138	225.1858779	2001.454959	3.445463299	0.468065119	0.410755409	6.008942809	-0.000685086	3434.65	522.9163098	sintos
0.047013175	211.5675953	1889.279628	3.542785293	0.467550765	0.356111847	10.47495119	-0.000931078	648.98	72.35177777	sintos
0.051402839	205.9007546	1983.455384	3.573679466	0.517643696	0.434389485	7.428923843	-0.000785827	626.34	286.5439115	sintos
0.04641154	231.3872694	2147.107512	3.525656521	0.420498608	0.459542458	8.409855338	-0.000708029	680.69	139.571902	sintos
0.04150944	224.8174596	2062.021993	3.502965997	0.42942624	0.453987138	8.732808181	-0.000733874	751.13	265.1076093	sintos
0.048507375	225.6093562	1958.280013	3.462150342	0.430721413	0.402289448	6.653904738	-0.000558495	638.44	115.331373	sintos
0.051292457	226.062253	1688.000146	3.424812427	0.39092407	0.35726311	7.527799205	-0.000947911	604.41	124.7690849	sintos
0.050288166	225.9514174	1911.001059	3.498928994	0.384768227	0.416756248	6.551192626	-0.000760526	569.39	174.0020986	sintos
0.050482315	226.1752721	1827.310618	3.459603727	0.452210798	0.387490436	4.853171304	-0.000754866	539.04	290.596825	sintos
0.050936574	226.9638283	1715.907772	3.439278514	0.422761343	0.387080446	4.261467158	-0.000741177	560.59	268.318834	sintos
0.045644028	234.21927	2009.978456	3.44233525	0.461047298	0.407253591	4.850904115	-0.000675325	629.13	344.7085974	sintos
0.04436806	244.654671	1651.775466	3.437372417	0.383558218	0.34448035	5.095509592	-0.0007534	639.17	313.8553732	sintos
0.048467552	226.1914835	1847.708516	3.505848375	0.378610291	0.392037471	4.415117708	-0.000538385	706.17	243.0303737	sintos
0.044366408	228.9253119	1632.636805	3.57357371	0.295988151	0.350608988	4.126422034	-0.000715115	588.89	169.6394097	sintos
0.041236765	236.6508695	2005.692972	3.486845949	0.34054472	0.409247919	5.989670632	-0.000597352	645.81	297.1469311	sintos
0.043152676	223.4944328	1984.5085	3.507462851	0.424354028	0.41767156	6.376209366	-0.000609027	618.11	143.6293786	sintos
0.057133255	232.1273752	1684.901204	3.531758137	0.328420081	0.369260064	3.727087401	-0.000685738	640.51	243.1053985	sintos
0.050401708	226.4478205	1669.516361	3.511945101	0.327785434	0.355563371	5.299897817	-0.000758449	625.58	132.8863128	sintos
0.043422818	306.922138	1839.090371	3.448932563	0.375478554	0.386906066	3.071360878	-0.000705319	477.27	501.8347125	sintos
0.045635308	232.1273752	1513.034055	3.450051983	0.337811375	0.366843219	3.183215646	-0.000572732	729.9	375.9046992	sintos
0.047139778	237.9432221	1528.818709	3.479623836	0.346412179	0.364264799	3.735575038	-0.000714213	506.32	464.9549693	sintos
0.047987789	237.9432221	1582.62446	3.487212003	0.44658179	0.344164621	4.63801789	-0.000819511	678.16	148.3619147	sintos
0.046636697	236.8297333	1683.427415	3.470654233	0.479863461	0.351036663	6.241100993	-0.000836436	587.81	462.8442638	sintos
0.041400432	224.5653398	1587.34209	3.51968502	0.342772893	0.389098203	4.785104423	-0.000666594	690.26	399.9693581	sintos
0.041253659	222.1862144	1729.176711	3.583373826	0.317139334	0.362469551	4.344020012	-0.000636424	815.47	356.3181138	sintos
0.046850022	247.5695692	1547.727519	3.571427565	0.362908169	0.322642951	5.505141266	-0.000690616	650.91	74.95207241	sintos
0.053536442	269.8995078	1611.79737	3.557400965	0.346408293	0.316077809	6.73607103	-0.000801145	640.14	148.5258806	sintos
0.051411661	267.0022271	1587.156895	3.458244873	0.410117586	0.328616066	6.111133284	-0.000911461	692.82	183.0421724	sintos
0.042413816	239.7644933	1812.553223	3.412113338	0.404138513	0.41314921	5.939645956	-0.000735753	730.18	255.3725083	sintos
0.045112298	226.7101979	1717.595326	3.493263029	0.369149293	0.390218256	4.988889174	-0.000756101	617.58	297.8430335	sintos
0.056151004	225.9212909	1493.219512	3.469831842	0.385524482	0.324159768	7.134244878	-0.001129282	650.15	212.5819015	sintos
0.056577412	227.3214739	1613.904547	3.452794967	0.400809737	0.37060611	6.688983453	-0.000951006	634.12	300.5163378	sintos
0.058907858	214.4703466	1620.582815	3.571147922	0.43483858	0.354479392	7.534908214	-0.000987368	680.94	271.6212287	sintos
0.057954617	196.8976279	1631.321438	3.642898127	0.41907193	0.369029925	8.392576935	-0.001059682	742.52	186.7779386	sintos
0.046490004	200.1623716	1822.208031	3.590563602	0.426486675	0.383632046	8.315264814	-0.000812385	640.24	150.2156675	sintos
0.044361728	186.0944528	1986.165526	3.59264981	0.350525178	0.436428728	7.477565077	-0.000831171	623.71	197.6446568	sintos
0.044679009	190.233208	1774.170653	3.671365438	0.433007632	0.357507464	8.525574132	-0.000729222	826.94	218.2490425	sintos
0.045269602	210.3017794	1815.326212	3.727467129	0.384607177	0.370255341	8.218965922	-0.000756359	740.7	191.178364	sintos
0.053939964	211.8150833	1501.763435	3.660842365	0.394380218	0.31517081	6.26757167	-0.000916016	686.73	242.3028336	sintos
0.063174194	208.2294063	1427.168783	3.692901032	0.352939002	0.300265399	6.877794173	-0.001133529	594.12	381.8804908	sintos
0.061899605	201.5933125	1481.379984	3.527091718	0.404016559	0.324471519	8.199534523	-0.000889595	562.39	140.3007053	sintos
0.055705563	218.1971723	1439.565693	3.679144954	0.278913039	0.277706894	4.85885335	-0.000975539	596.73	116.6530422	sintos
0.053847939	244.3844649	1500.113416	3.581196007	0.448288383	0.328022839	5.573324675	-0.000755415	538.43	100.607043	sintos
0.051293452	268.850454	1439.338474	3.620469603	0.49574696	0.310089614	4.822684365	-0.000769557	564.94	150.885867	sintos
0.043845007	241.6520291	1396.341443	3.564527066	0.481730164	0.3159707	3.802813821	-0.000757104	432.56	256.8210037	sintos
0.042786158	229.4930416	1878.986873	3.468085613	0.430682319	0.406284318	4.7639375	-0.000579646	601.22	325.9433794	sintos
0.054605538	261.070592	1782.294672	3.516973478	0.493233188	0.383800376	3.831405179	-0.000676166	550.67	223.6554479	sintos
0.058550779	290.0965167	1785.82423	3.570579235	0.407549348	0.357148317	3.763599809	-0.000810558	526.19	145.3674344	sintos
0.059515046	246.3038974	1925.723414	3.584428194	0.382510845	0.334074534	5.063860134	-0.000822963	670.16	168.9808534	sintos
0.055004517	227.7076766	1885.07778	3.590243938	0.371921876	0.304828017	5.491672266	-0.000959789	600.95	147.5742696	sintos
0.048198333	224.6004944	2275.478026	3.530727788	0.50546836	0.399172621	9.215634449	-0.000589129	742.47	161.0516641	sintos
0.061376607	206.988567	1893.863588	3.357100331	0.491651323	0.364384319	5.831623311	-0.000839733	690.42	153.8833715	sintos
0.073431046	216.7681986	1653.972287	3.431569726	0.540268726	0.361676307	3.226036222	-0.000757376	704.53	203.4685898	sintos
0.065653563	226.5710221	1793.585183	3.428052886	0.547234789	0.342965427	5.569059425	-0.001016232	606.5	214.4730965	sintos
0.055806058	225.3772044	1879.202571	3.371010255	0.510520652	0.344095172	7.743748804	-0.001000395	736.19	177.385986	sintos
0.066433293	286.109606	1771.166104	3.49668222	0.394133681	0.361546227	4.539666323	-0.00096345	661.67	252.8656606	sintos
0.069003477	232.9528967	1794.157299	3.48722478	0.445279363	0.331849869	7.325153202	-0.00100236	665.8	66.10595035	sintos
0.055524616	252.6814223	2277.039238	3.525505309	0.311749448	0.412293084	6.287716308	-0.000647927	679.01	107.9049935	sintos
0.048323071	253.2631943	2475.754487	3.508404556	0.312605081	0.42743114	7.243631043	-0.000575366	696.8	306.4049655	sintos
0.050025188	216.3213069	2199.863058	3.433881582	0.342433545	0.429412364	6.054453005	-0.000783231	519.43	597.1021239	sintos
0.057940709	232.9528967	2155.62465	3.43326676	0.404252502	0.375190303	9.995400451	-0.000952923	664.69	75.61708718	sintos
0.059250152	252.6814223	1865.085336	3.380808782	0.503050349	0.292953352	7.514484346	-0.001082965	669.76	111.8734009	sintos
0.058204478	234.340455	1955.102226	3.357899355	0.476728709	0.351596004	8.744306412	-0.000940527	688.68	150.1294604	sintos
0.063572614	228.3264168	1878.926078	3.405475266	0.431448869	0.376158707	6.833342845	-0.001050985	694.63	202.3880032	sintos
0.061242352	229.1785262	1923.768632	3.492656548	0.339805179	0.385073288	8.45248757	-0.000953162	778.65	191.5026161	sintos
0.071248709	259.8607748	1736.120479	3.539781221	0.410427942	0.361242229	6.381004966	-0.001044327	730.36	111.3033474	sintos
0.086808888	271.1513567	1586.476437	3.534934059	0.39011236	0.313923001	5.407354212	-0.001124533	703.9	112.4452231	sintos
0.087640583	268.9976086	1670.173123	3.470773325	0.387049125	0.261171355	6.446607026	-0.001212932	668.6	69.0898808	sintos
0.081788597	229.940886	1645.223568	3.517646344	0.402429213	0.266520088	7.057624957	-0.001304216	666.04	82.2044892	sintos
0.079814034	229.940886	1926.481839	3.520898896	0.447576907	0.320238153	9.448428093	-0.001178743	692.14	105.8305701	sintos
0.073803492	197.647052	1738.70367	3.552074705	0.420066383	0.298612322	10.26199738	-0.001296505	776.73	211.2936998	sintos
0.070614981	211.3696564	1827.713428	3.594491632	0.407577324	0.304399907	11.877425	-0.001295243	713.52	122.4235945	sintos
0.069296611	228.2453237	1845.002184	3.625122037	0.372967669	0.342125884	9.190816647	-0.001014083	798.83	97.94210048	sintos
0.064789121	262.9343362	1866.470795	3.588526348	0.455541204	0.337860024	7.361567185	-0.001021843	749.64	532.0401711	sintos
0.067690082	266.9846311	1898.718499	3.69923935	0.473559649	0.37056206	7.974282862	-0.001026825	713.05	96.26319827	sintos
0.065567524	280.7927842	1896.590491	3.62398545	0.40967417	0.408385059	8.261371626	-0.001106046	744.71	97.08782858	sintos
0.055857639	268.3334945	1981.581869	3.600424378	0.406503387	0.445191465	5.949786978	-0.000754938	676.14	566.8456544	sintos
0.0512051	265.1664571	2096.986521	3.609323293	0.491303171	0.434653428	6.398230767	-0.000625534	841.65	362.7744426	sintos
